1	50	36954.143698039305
2	100	36250.010331993624
3	150	35648.80211944015
4	200	35444.506759685275
5	250	35330.68715349685
6	300	34968.11928149129
7	350	34667.60161036406
8	400	34565.82906729949
9	450	34181.83371255652
10	500	34086.14007540561
11	550	33870.364180257435
12	600	33667.885668619376
13	650	33581.04582962277
14	700	33491.85087142365
15	750	33466.19092863916
16	800	33393.85999606501
17	850	33393.85999606501
18	900	33361.96932769535
19	950	33361.96932769535
20	1000	33221.43236394936
21	1050	33178.06606404081
22	1100	33069.492299055775
23	1150	33057.8042337854
24	1200	32998.45284111543
25	1250	32998.45284111543
26	1300	32946.34174645311
27	1350	32946.34174645311
28	1400	32946.34174645311
29	1450	32946.34174645311
30	1500	32946.34174645311
31	1550	32931.792515854664
32	1600	32931.792515854664
33	1650	32906.70155327077
34	1700	32899.57708967415
35	1750	32895.214055773125
36	1800	32895.214055773125
37	1850	32895.214055773125
38	1900	32895.214055773125
39	1950	32895.214055773125
40	2000	32895.214055773125
41	2050	32895.214055773125
42	2100	32895.214055773125
43	2150	32877.93688435266
44	2200	32877.93688435266
45	2250	32877.93688435266
46	2300	32811.83733376663
47	2350	32811.83733376663
48	2400	32762.834235125025
49	2450	32762.012476241285
50	2500	32696.742806506263
51	2550	32490.02757505829
52	2600	32490.02757505829
53	2650	32490.02757505829
54	2700	32490.02757505829
55	2750	32490.02757505829
56	2800	32490.02757505829
57	2850	32452.20434797844
58	2900	32390.94148581716
59	2950	32354.54473820518
60	3000	32354.54473820518
61	3050	32354.54473820518
62	3100	32354.54473820518
63	3150	32354.54473820518
64	3200	32354.54473820518
65	3250	32354.54473820518
66	3300	32327.984464758534
67	3350	32313.458852847252
68	3400	32313.458852847252
69	3450	32313.458852847252
70	3500	32313.458852847252
71	3550	32279.213272765144
72	3600	32279.213272765144
73	3650	32279.213272765144
74	3700	32279.213272765144
75	3750	32279.213272765144
76	3800	32279.213272765144
77	3850	32279.213272765144
78	3900	32231.41185165295
79	3950	32231.41185165295
80	4000	32231.41185165295
81	4050	32231.41185165295
82	4100	32231.41185165295
83	4150	32231.41185165295
84	4200	32231.41185165295
85	4250	32146.03961458049
86	4300	32146.03961458049
87	4350	32146.03961458049
88	4400	32136.65895707679
89	4450	32136.65895707679
90	4500	32136.65895707679
91	4550	32136.65895707679
92	4600	32076.84730060997
93	4650	32048.151839100465
94	4700	32048.151839100465
95	4750	32048.151839100465
96	4800	32048.151839100465
97	4850	32048.151839100465
98	4900	32013.606207947225
99	4950	32000.189838775237
100	5000	32000.189838775237
101	5050	32000.189838775237
102	5100	31991.494609857044
103	5150	31991.494609857044
104	5200	31988.18696849873
105	5250	31988.18696849873
106	5300	31968.96206815284
107	5350	31968.96206815284
108	5400	31904.74328917292
109	5450	31904.74328917292
110	5500	31904.74328917292
111	5550	31904.74328917292
112	5600	31867.683029660042
113	5650	31867.683029660042
114	5700	31867.683029660042
115	5750	31867.683029660042
116	5800	31867.683029660042
117	5850	31867.683029660042
118	5900	31867.683029660042
119	5950	31867.683029660042
120	6000	31867.683029660042
121	6050	31867.683029660042
122	6100	31867.683029660042
123	6150	31867.683029660042
124	6200	31867.683029660042
125	6250	31813.306557127165
126	6300	31813.306557127165
127	6350	31813.306557127165
128	6400	31813.306557127165
129	6450	31780.578950374802
130	6500	31778.611358394875
131	6550	31774.010820333213
132	6600	31755.796166659897
133	6650	31755.796166659897
134	6700	31724.435244101256
135	6750	31719.94421889145
136	6800	31719.94421889145
137	6850	31719.94421889145
138	6900	31719.94421889145
139	6950	31719.94421889145
140	7000	31719.94421889145
141	7050	31694.08724448074
142	7100	31673.310563182138
143	7150	31673.310563182138
144	7200	31672.495561174623
145	7250	31672.495561174623
146	7300	31672.495561174623
147	7350	31630.39932587451
148	7400	31544.77282624645
149	7450	31508.18982157383
150	7500	31497.79905430703
151	7550	31393.843640684237
152	7600	31393.843640684237
153	7650	31393.843640684237
154	7700	31304.75978841753
155	7750	31304.75978841753
156	7800	31304.75978841753
157	7850	31304.75978841753
158	7900	31304.75978841753
159	7950	31304.75978841753
160	8000	31304.75978841753
161	8050	31304.75978841753
162	8100	31304.75978841753
163	8150	31304.75978841753
164	8200	31304.75978841753
165	8250	31304.75978841753
166	8300	31304.75978841753
167	8350	31270.97496632049
168	8400	31270.97496632049
169	8450	31244.61288087653
170	8500	31244.61288087653
171	8550	31244.61288087653
172	8600	31198.403493797283
173	8650	31198.403493797283
174	8700	31198.403493797283
175	8750	31198.403493797283
176	8800	31198.403493797283
177	8850	31198.403493797283
178	8900	31198.403493797283
179	8950	31198.403493797283
180	9000	31198.403493797283
181	9050	31198.403493797283
182	9100	31198.403493797283
183	9150	31198.403493797283
184	9200	31198.403493797283
185	9250	31198.403493797283
186	9300	31198.403493797283
187	9350	31198.403493797283
188	9400	31198.403493797283
189	9450	31198.403493797283
190	9500	31198.403493797283
191	9550	31198.403493797283
192	9600	31198.403493797283
193	9650	31198.403493797283
194	9700	31198.403493797283
195	9750	31198.403493797283
196	9800	31198.403493797283
197	9850	31198.403493797283
198	9900	31198.403493797283
199	9950	31198.403493797283
200	10000	31198.403493797283
201	10050	31198.403493797283
202	10100	31083.17876824624
203	10150	31083.17876824624
204	10200	31083.17876824624
205	10250	31083.17876824624
206	10300	31083.17876824624
207	10350	31083.17876824624
208	10400	31083.17876824624
209	10450	31074.045913262187
210	10500	31074.045913262187
211	10550	31074.045913262187
212	10600	31074.045913262187
213	10650	31074.045913262187
214	10700	31074.045913262187
215	10750	31074.045913262187
216	10800	31062.638443415228
217	10850	31062.638443415228
218	10900	31062.638443415228
219	10950	31000.11265756547
220	11000	30989.289747581446
221	11050	30989.289747581446
222	11100	30989.289747581446
223	11150	30989.289747581446
224	11200	30989.289747581446
225	11250	30989.289747581446
226	11300	30989.289747581446
227	11350	30989.289747581446
228	11400	30989.289747581446
229	11450	30989.289747581446
230	11500	30989.289747581446
231	11550	30989.289747581446
232	11600	30989.289747581446
233	11650	30989.289747581446
234	11700	30974.352980244374
235	11750	30974.352980244374
236	11800	30974.352980244374
237	11850	30974.352980244374
238	11900	30968.78115613029
239	11950	30968.78115613029
240	12000	30926.765231914655
241	12050	30926.765231914655
242	12100	30876.589423604048
243	12150	30876.589423604048
244	12200	30876.589423604048
245	12250	30861.028818732804
246	12300	30861.028818732804
247	12350	30861.028818732804
248	12400	30861.028818732804
249	12450	30861.028818732804
250	12500	30861.028818732804
251	12550	30861.028818732804
252	12600	30861.028818732804
253	12650	30861.028818732804
254	12700	30847.44604384803
255	12750	30847.44604384803
256	12800	30847.44604384803
257	12850	30847.44604384803
258	12900	30847.44604384803
259	12950	30847.44604384803
260	13000	30839.477864832857
261	13050	30839.477864832857
262	13100	30839.477864832857
263	13150	30839.477864832857
264	13200	30761.89942258093
265	13250	30748.334811951423
266	13300	30748.334811951423
267	13350	30748.334811951423
268	13400	30728.07634327773
269	13450	30728.07634327773
270	13500	30728.07634327773
271	13550	30728.07634327773
272	13600	30728.07634327773
273	13650	30693.044358788444
274	13700	30693.044358788444
275	13750	30658.80263496408
276	13800	30637.702542104445
277	13850	30637.702542104445
278	13900	30637.702542104445
279	13950	30637.702542104445
280	14000	30637.702542104445
281	14050	30637.702542104445
282	14100	30637.702542104445
283	14150	30637.702542104445
284	14200	30637.702542104445
285	14250	30637.702542104445
286	14300	30637.702542104445
287	14350	30637.702542104445
288	14400	30637.702542104445
289	14450	30637.702542104445
290	14500	30637.702542104445
291	14550	30637.702542104445
292	14600	30637.702542104445
293	14650	30637.702542104445
294	14700	30637.702542104445
295	14750	30637.702542104445
296	14800	30637.702542104445
297	14850	30637.702542104445
298	14900	30625.71702989599
299	14950	30625.71702989599
300	15000	30625.71702989599
301	15050	30625.71702989599
302	15100	30625.71702989599
303	15150	30625.71702989599
304	15200	30625.71702989599
305	15250	30625.71702989599
306	15300	30625.71702989599
307	15350	30625.71702989599
308	15400	30625.71702989599
309	15450	30625.71702989599
310	15500	30573.31613642575
311	15550	30573.31613642575
312	15600	30573.31613642575
313	15650	30573.31613642575
314	15700	30573.31613642575
315	15750	30573.31613642575
316	15800	30573.31613642575
317	15850	30573.31613642575
318	15900	30573.31613642575
319	15950	30573.31613642575
320	16000	30573.31613642575
321	16050	30573.31613642575
322	16100	30573.31613642575
323	16150	30573.31613642575
324	16200	30573.31613642575
325	16250	30573.31613642575
326	16300	30573.31613642575
327	16350	30559.060412049905
328	16400	30559.060412049905
329	16450	30559.060412049905
330	16500	30522.674793948936
331	16550	30522.674793948936
332	16600	30443.52379355857
333	16650	30443.52379355857
334	16700	30443.52379355857
335	16750	30414.40373875587
336	16800	30414.40373875587
337	16850	30414.40373875587
338	16900	30311.31892101392
339	16950	30294.512955908944
340	17000	30281.682145036662
341	17050	30248.283577085153
342	17100	30248.283577085153
343	17150	30248.283577085153
344	17200	30248.283577085153
345	17250	30248.283577085153
346	17300	30248.283577085153
347	17350	30244.755729207885
348	17400	30241.06324077873
349	17450	30241.06324077873
350	17500	30241.06324077873
351	17550	30241.06324077873
352	17600	30241.06324077873
353	17650	30241.06324077873
354	17700	30241.06324077873
355	17750	30166.994200959783
356	17800	30166.994200959783
357	17850	30166.994200959783
358	17900	30166.994200959783
359	17950	30166.994200959783
360	18000	30166.994200959783
361	18050	30166.994200959783
362	18100	30166.994200959783
363	18150	30166.994200959783
364	18200	30166.994200959783
365	18250	30166.994200959783
366	18300	30166.994200959783
367	18350	30166.994200959783
368	18400	30166.994200959783
369	18450	30166.994200959783
370	18500	30166.994200959783
371	18550	30166.994200959783
372	18600	30166.994200959783
373	18650	30166.994200959783
374	18700	30166.994200959783
375	18750	30166.994200959783
376	18800	30166.994200959783
377	18850	30166.994200959783
378	18900	30166.994200959783
379	18950	30166.994200959783
380	19000	30166.994200959783
381	19050	30166.994200959783
382	19100	30166.994200959783
383	19150	30165.03506008909
384	19200	30165.03506008909
385	19250	30092.648995216012
386	19300	30061.25248219038
387	19350	30061.25248219038
388	19400	30061.25248219038
389	19450	30061.25248219038
390	19500	30061.25248219038
391	19550	30027.869500138513
392	19600	30027.869500138513
393	19650	30027.869500138513
394	19700	30027.869500138513
395	19750	30027.869500138513
396	19800	30027.869500138513
397	19850	30027.869500138513
398	19900	30027.869500138513
399	19950	30027.869500138513
400	20000	30027.869500138513
401	20050	30027.869500138513
402	20100	30027.869500138513
403	20150	30027.869500138513
404	20200	30027.869500138513
405	20250	30027.869500138513
406	20300	30027.869500138513
407	20350	30027.869500138513
408	20400	30027.869500138513
409	20450	30027.869500138513
410	20500	29970.11309829623
411	20550	29964.606464787455
412	20600	29905.27250286584
413	20650	29905.27250286584
414	20700	29905.27250286584
415	20750	29905.27250286584
416	20800	29905.27250286584
417	20850	29905.27250286584
418	20900	29905.27250286584
419	20950	29905.27250286584
420	21000	29905.27250286584
421	21050	29882.271223478318
422	21100	29882.271223478318
423	21150	29882.271223478318
424	21200	29882.271223478318
425	21250	29882.271223478318
426	21300	29882.271223478318
427	21350	29882.271223478318
428	21400	29882.271223478318
429	21450	29882.271223478318
430	21500	29882.271223478318
431	21550	29882.271223478318
432	21600	29882.271223478318
433	21650	29882.271223478318
434	21700	29882.271223478318
435	21750	29882.271223478318
436	21800	29882.271223478318
437	21850	29882.271223478318
438	21900	29882.271223478318
439	21950	29882.271223478318
440	22000	29882.271223478318
441	22050	29882.271223478318
442	22100	29835.5999225743
443	22150	29835.5999225743
444	22200	29835.5999225743
445	22250	29833.517371973332
446	22300	29833.517371973332
447	22350	29833.517371973332
448	22400	29833.517371973332
449	22450	29823.655335586685
450	22500	29823.655335586685
451	22550	29823.655335586685
452	22600	29823.655335586685
453	22650	29823.655335586685
454	22700	29823.655335586685
455	22750	29823.655335586685
456	22800	29823.655335586685
457	22850	29823.655335586685
458	22900	29823.655335586685
459	22950	29798.816457418456
460	23000	29798.816457418456
461	23050	29798.816457418456
462	23100	29798.816457418456
463	23150	29798.816457418456
464	23200	29798.816457418456
465	23250	29798.816457418456
466	23300	29798.816457418456
467	23350	29798.816457418456
468	23400	29798.816457418456
469	23450	29798.816457418456
470	23500	29798.816457418456
471	23550	29798.816457418456
472	23600	29798.816457418456
473	23650	29798.816457418456
474	23700	29798.816457418456
475	23750	29798.816457418456
476	23800	29798.816457418456
477	23850	29781.202911852044
478	23900	29781.202911852044
479	23950	29781.202911852044
480	24000	29781.202911852044
481	24050	29781.202911852044
482	24100	29745.553545779745
483	24150	29745.553545779745
484	24200	29745.553545779745
485	24250	29745.553545779745
486	24300	29745.553545779745
487	24350	29745.553545779745
488	24400	29745.553545779745
489	24450	29722.8191728963
490	24500	29722.8191728963
491	24550	29722.8191728963
492	24600	29722.8191728963
493	24650	29712.368733375177
494	24700	29712.368733375177
495	24750	29694.627615196652
496	24800	29694.627615196652
497	24850	29694.627615196652
498	24900	29694.627615196652
499	24950	29694.627615196652
500	25000	29694.627615196652
501	25050	29694.627615196652
502	25100	29694.627615196652
503	25150	29677.157757449244
504	25200	29677.157757449244
505	25250	29622.52899868664
506	25300	29601.75543882108
507	25350	29543.84713974724
508	25400	29523.08557255853
509	25450	29508.447496864228
510	25500	29492.904234240286
511	25550	29425.50072414682
512	25600	29425.50072414682
513	25650	29392.57706971265
514	25700	29348.548392836976
515	25750	29348.548392836976
516	25800	29323.634558517602
517	25850	29323.634558517602
518	25900	29315.314672574674
519	25950	29315.314672574674
520	26000	29315.314672574674
521	26050	29315.314672574674
522	26100	29315.314672574674
523	26150	29283.359811808583
524	26200	29283.359811808583
525	26250	29202.635251615146
526	26300	29202.635251615146
527	26350	29202.635251615146
528	26400	29202.635251615146
529	26450	29202.635251615146
530	26500	29202.635251615146
531	26550	29202.635251615146
532	26600	29178.98863325488
533	26650	29166.799792024987
534	26700	29166.799792024987
535	26750	29138.22638317696
536	26800	29138.22638317696
537	26850	29138.22638317696
538	26900	29138.22638317696
539	26950	29138.22638317696
540	27000	29138.22638317696
541	27050	29138.22638317696
542	27100	29132.23331264553
543	27150	29132.23331264553
544	27200	29132.23331264553
545	27250	29132.23331264553
546	27300	29124.801588775394
547	27350	29124.801588775394
548	27400	29124.801588775394
549	27450	29087.74675747311
550	27500	29087.74675747311
551	27550	28961.96364555339
552	27600	28961.96364555339
553	27650	28913.940042178438
554	27700	28913.940042178438
555	27750	28913.940042178438
556	27800	28913.940042178438
557	27850	28913.940042178438
558	27900	28913.940042178438
559	27950	28913.940042178438
560	28000	28913.940042178438
561	28050	28913.940042178438
562	28100	28913.940042178438
563	28150	28913.940042178438
564	28200	28913.940042178438
565	28250	28913.940042178438
566	28300	28913.940042178438
567	28350	28913.940042178438
568	28400	28911.569083765073
569	28450	28911.569083765073
570	28500	28911.569083765073
571	28550	28911.569083765073
572	28600	28911.569083765073
573	28650	28911.569083765073
574	28700	28911.569083765073
575	28750	28911.569083765073
576	28800	28911.569083765073
577	28850	28911.569083765073
578	28900	28911.569083765073
579	28950	28880.26803628305
580	29000	28862.07387606847
581	29050	28862.07387606847
582	29100	28862.07387606847
583	29150	28862.07387606847
584	29200	28768.681947774032
585	29250	28764.242399920924
586	29300	28740.888749456684
587	29350	28740.888749456684
588	29400	28740.888749456684
589	29450	28740.888749456684
590	29500	28740.888749456684
591	29550	28740.888749456684
592	29600	28740.888749456684
593	29650	28734.3567142047
594	29700	28700.884391146323
595	29750	28700.884391146323
596	29800	28700.884391146323
597	29850	28700.884391146323
598	29900	28700.884391146323
599	29950	28700.884391146323
600	30000	28700.884391146323
601	30050	28700.884391146323
602	30100	28700.884391146323
603	30150	28681.87828198754
604	30200	28681.87828198754
605	30250	28681.87828198754
606	30300	28647.693769164878
607	30350	28647.693769164878
608	30400	28647.693769164878
609	30450	28647.693769164878
610	30500	28626.21200532148
611	30550	28612.1631185767
612	30600	28612.1631185767
613	30650	28612.1631185767
614	30700	28612.1631185767
615	30750	28612.1631185767
616	30800	28612.1631185767
617	30850	28612.1631185767
618	30900	28612.1631185767
619	30950	28569.636596992514
620	31000	28569.636596992514
621	31050	28569.636596992514
622	31100	28569.636596992514
623	31150	28569.636596992514
624	31200	28569.636596992514
625	31250	28569.636596992514
626	31300	28569.636596992514
627	31350	28555.046268376424
628	31400	28555.046268376424
629	31450	28545.86792293113
630	31500	28545.86792293113
631	31550	28502.139695573987
632	31600	28502.139695573987
633	31650	28502.139695573987
634	31700	28502.139695573987
635	31750	28502.139695573987
636	31800	28502.139695573987
637	31850	28502.139695573987
638	31900	28502.139695573987
639	31950	28426.43292278322
640	32000	28426.43292278322
641	32050	28412.92200101003
642	32100	28402.827203758516
643	32150	28402.827203758516
644	32200	28402.827203758516
645	32250	28402.827203758516
646	32300	28402.827203758516
647	32350	28402.827203758516
648	32400	28402.827203758516
649	32450	28402.827203758516
650	32500	28402.827203758516
651	32550	28402.827203758516
652	32600	28402.827203758516
653	32650	28353.188176295596
654	32700	28353.188176295596
655	32750	28353.188176295596
656	32800	28353.188176295596
657	32850	28353.188176295596
658	32900	28314.58042003679
659	32950	28297.594403178984
660	33000	28297.594403178984
661	33050	28297.594403178984
662	33100	28297.594403178984
663	33150	28286.604626875494
664	33200	28286.604626875494
665	33250	28286.604626875494
666	33300	28286.604626875494
667	33350	28286.604626875494
668	33400	28286.604626875494
669	33450	28286.604626875494
670	33500	28286.604626875494
671	33550	28286.604626875494
672	33600	28286.604626875494
673	33650	28286.604626875494
674	33700	28286.604626875494
675	33750	28286.604626875494
676	33800	28265.120287504396
677	33850	28265.120287504396
678	33900	28265.120287504396
679	33950	28265.120287504396
680	34000	28209.279670669028
681	34050	28209.279670669028
682	34100	28162.45322796644
683	34150	28151.102062649697
684	34200	28151.102062649697
685	34250	28143.282838954776
686	34300	28143.282838954776
687	34350	28143.282838954776
688	34400	28143.282838954776
689	34450	28143.282838954776
690	34500	28143.282838954776
691	34550	28119.948138561856
692	34600	28119.948138561856
693	34650	28119.948138561856
694	34700	28119.948138561856
695	34750	28111.83925101817
696	34800	28111.83925101817
697	34850	28107.084296940466
698	34900	28107.084296940466
699	34950	28107.084296940466
700	35000	28107.084296940466
701	35050	28099.17045895834
702	35100	28099.17045895834
703	35150	28099.17045895834
704	35200	28099.17045895834
705	35250	28099.17045895834
706	35300	28099.17045895834
707	35350	28099.17045895834
708	35400	28099.17045895834
709	35450	28099.17045895834
710	35500	28099.17045895834
711	35550	28099.17045895834
712	35600	28099.17045895834
713	35650	28097.62756449564
714	35700	28097.62756449564
715	35750	28097.62756449564
716	35800	28097.62756449564
717	35850	28091.462913054092
718	35900	28091.462913054092
719	35950	28091.462913054092
720	36000	28091.462913054092
721	36050	28091.462913054092
722	36100	28091.462913054092
723	36150	28091.462913054092
724	36200	28073.60106095431
725	36250	28059.062006726814
726	36300	28059.062006726814
727	36350	28034.415620837623
728	36400	28034.415620837623
729	36450	28034.415620837623
730	36500	28034.415620837623
731	36550	28031.56939375937
732	36600	28031.56939375937
733	36650	28031.56939375937
734	36700	28008.63652179698
735	36750	28008.63652179698
736	36800	28008.63652179698
737	36850	28008.63652179698
738	36900	28008.63652179698
739	36950	28008.63652179698
740	37000	28008.63652179698
741	37050	28008.63652179698
742	37100	28008.63652179698
743	37150	28008.63652179698
744	37200	28008.63652179698
745	37250	28008.63652179698
746	37300	28008.63652179698
747	37350	28008.63652179698
748	37400	28008.63652179698
749	37450	28008.63652179698
750	37500	28008.63652179698
751	37550	28008.63652179698
752	37600	28008.63652179698
753	37650	28008.63652179698
754	37700	28008.63652179698
755	37750	28008.63652179698
756	37800	28008.63652179698
757	37850	28008.63652179698
758	37900	28008.63652179698
759	37950	28008.63652179698
760	38000	27971.635174242547
761	38050	27971.635174242547
762	38100	27971.635174242547
763	38150	27971.635174242547
764	38200	27971.635174242547
765	38250	27971.635174242547
766	38300	27971.635174242547
767	38350	27934.204202056462
768	38400	27934.204202056462
769	38450	27934.204202056462
770	38500	27934.204202056462
771	38550	27934.204202056462
772	38600	27934.204202056462
773	38650	27934.204202056462
774	38700	27934.204202056462
775	38750	27934.204202056462
776	38800	27934.204202056462
777	38850	27934.204202056462
778	38900	27934.204202056462
779	38950	27876.64791973272
780	39000	27876.64791973272
781	39050	27876.64791973272
782	39100	27876.64791973272
783	39150	27876.64791973272
784	39200	27876.64791973272
785	39250	27876.64791973272
786	39300	27876.64791973272
787	39350	27876.64791973272
788	39400	27876.64791973272
789	39450	27876.64791973272
790	39500	27876.64791973272
791	39550	27876.64791973272
792	39600	27876.64791973272
793	39650	27876.64791973272
794	39700	27876.64791973272
795	39750	27876.64791973272
796	39800	27876.64791973272
797	39850	27876.64791973272
798	39900	27876.64791973272
799	39950	27876.64791973272
800	40000	27876.64791973272
801	40050	27876.64791973272
802	40100	27876.64791973272
803	40150	27876.64791973272
804	40200	27876.64791973272
805	40250	27876.64791973272
806	40300	27876.64791973272
807	40350	27876.64791973272
808	40400	27844.837846181315
809	40450	27844.837846181315
810	40500	27748.983747345897
811	40550	27723.018378735567
812	40600	27723.018378735567
813	40650	27723.018378735567
814	40700	27723.018378735567
815	40750	27723.018378735567
816	40800	27723.018378735567
817	40850	27723.018378735567
818	40900	27723.018378735567
819	40950	27723.018378735567
820	41000	27723.018378735567
821	41050	27723.018378735567
822	41100	27723.018378735567
823	41150	27723.018378735567
824	41200	27723.018378735567
825	41250	27723.018378735567
826	41300	27723.018378735567
827	41350	27723.018378735567
828	41400	27723.018378735567
829	41450	27723.018378735567
830	41500	27723.018378735567
831	41550	27714.528636679966
832	41600	27714.528636679966
833	41650	27714.528636679966
834	41700	27714.528636679966
835	41750	27714.528636679966
836	41800	27714.528636679966
837	41850	27714.528636679966
838	41900	27714.528636679966
839	41950	27714.528636679966
840	42000	27714.528636679966
841	42050	27714.528636679966
842	42100	27714.528636679966
843	42150	27714.528636679966
844	42200	27714.528636679966
845	42250	27714.528636679966
846	42300	27704.799624995958
847	42350	27704.799624995958
848	42400	27693.83331479245
849	42450	27693.83331479245
850	42500	27679.891641505317
851	42550	27679.891641505317
852	42600	27679.891641505317
853	42650	27676.21343691945
854	42700	27676.21343691945
855	42750	27676.21343691945
856	42800	27671.377735362814
857	42850	27671.377735362814
858	42900	27671.377735362814
859	42950	27671.377735362814
860	43000	27671.377735362814
861	43050	27671.377735362814
862	43100	27671.377735362814
863	43150	27671.377735362814
864	43200	27671.377735362814
865	43250	27671.377735362814
866	43300	27671.377735362814
867	43350	27671.377735362814
868	43400	27671.377735362814
869	43450	27671.377735362814
870	43500	27671.377735362814
871	43550	27630.965869944055
872	43600	27630.965869944055
873	43650	27630.965869944055
874	43700	27630.965869944055
875	43750	27630.965869944055
876	43800	27630.965869944055
877	43850	27630.965869944055
878	43900	27630.965869944055
879	43950	27630.965869944055
880	44000	27630.965869944055
881	44050	27630.965869944055
882	44100	27630.965869944055
883	44150	27630.965869944055
884	44200	27630.965869944055
885	44250	27630.965869944055
886	44300	27630.965869944055
887	44350	27630.965869944055
888	44400	27630.965869944055
889	44450	27630.965869944055
890	44500	27630.965869944055
891	44550	27630.965869944055
892	44600	27586.355900085775
893	44650	27586.355900085775
894	44700	27586.355900085775
895	44750	27586.355900085775
896	44800	27586.355900085775
897	44850	27586.355900085775
898	44900	27586.355900085775
899	44950	27586.355900085775
900	45000	27586.355900085775
901	45050	27586.355900085775
902	45100	27586.355900085775
903	45150	27586.355900085775
904	45200	27586.355900085775
905	45250	27586.355900085775
906	45300	27586.355900085775
907	45350	27586.355900085775
908	45400	27586.355900085775
909	45450	27586.355900085775
910	45500	27586.355900085775
911	45550	27586.355900085775
912	45600	27586.355900085775
913	45650	27581.349241070293
914	45700	27578.05651517223
915	45750	27578.05651517223
916	45800	27578.05651517223
917	45850	27578.05651517223
918	45900	27578.05651517223
919	45950	27578.05651517223
920	46000	27555.203718087396
921	46050	27555.203718087396
922	46100	27539.2860200549
923	46150	27539.2860200549
924	46200	27520.385028816672
925	46250	27520.385028816672
926	46300	27520.385028816672
927	46350	27520.385028816672
928	46400	27520.385028816672
929	46450	27496.90503930176
930	46500	27490.063109101942
931	46550	27449.40040650307
932	46600	27449.40040650307
933	46650	27449.40040650307
934	46700	27449.40040650307
935	46750	27449.40040650307
936	46800	27433.18571107007
937	46850	27433.18571107007
938	46900	27433.18571107007
939	46950	27433.18571107007
940	47000	27408.27908165779
941	47050	27384.41615805868
942	47100	27298.891809754172
943	47150	27298.891809754172
944	47200	27298.891809754172
945	47250	27298.891809754172
946	47300	27298.891809754172
947	47350	27298.891809754172
948	47400	27298.891809754172
949	47450	27298.891809754172
950	47500	27298.891809754172
951	47550	27298.891809754172
952	47600	27298.891809754172
953	47650	27298.891809754172
954	47700	27298.891809754172
955	47750	27298.891809754172
956	47800	27298.891809754172
957	47850	27298.891809754172
958	47900	27298.891809754172
959	47950	27298.891809754172
960	48000	27298.891809754172
961	48050	27298.891809754172
962	48100	27298.891809754172
963	48150	27298.891809754172
964	48200	27298.891809754172
965	48250	27298.891809754172
966	48300	27298.891809754172
967	48350	27298.891809754172
968	48400	27298.891809754172
969	48450	27298.891809754172
970	48500	27298.891809754172
971	48550	27298.891809754172
972	48600	27298.891809754172
973	48650	27298.891809754172
974	48700	27298.891809754172
975	48750	27298.891809754172
976	48800	27298.891809754172
977	48850	27298.891809754172
978	48900	27298.891809754172
979	48950	27298.891809754172
980	49000	27298.891809754172
981	49050	27298.891809754172
982	49100	27298.891809754172
983	49150	27298.891809754172
984	49200	27298.891809754172
985	49250	27298.891809754172
986	49300	27298.891809754172
987	49350	27298.891809754172
988	49400	27298.891809754172
989	49450	27298.891809754172
990	49500	27298.891809754172
991	49550	27298.891809754172
992	49600	27278.82487236199
993	49650	27278.82487236199
994	49700	27240.669101869134
995	49750	27240.669101869134
996	49800	27240.669101869134
997	49850	27240.669101869134
998	49900	27240.669101869134
999	49950	27222.58278720272
1000	50000	27222.58278720272
1001	50050	27222.58278720272
1002	50100	27222.58278720272
1003	50150	27222.58278720272
1004	50200	27222.58278720272
1005	50250	27222.58278720272
1006	50300	27222.58278720272
1007	50350	27222.58278720272
1008	50400	27222.58278720272
1009	50450	27222.58278720272
1010	50500	27222.58278720272
1011	50550	27222.58278720272
1012	50600	27222.58278720272
1013	50650	27222.58278720272
1014	50700	27222.58278720272
1015	50750	27222.58278720272
1016	50800	27222.58278720272
1017	50850	27222.58278720272
1018	50900	27222.58278720272
1019	50950	27222.58278720272
1020	51000	27222.58278720272
1021	51050	27222.58278720272
1022	51100	27200.08355515973
1023	51150	27200.08355515973
1024	51200	27200.08355515973
1025	51250	27180.017649564124
1026	51300	27180.017649564124
1027	51350	27180.017649564124
1028	51400	27180.017649564124
1029	51450	27180.017649564124
1030	51500	27180.017649564124
1031	51550	27180.017649564124
1032	51600	27180.017649564124
1033	51650	27180.017649564124
1034	51700	27180.017649564124
1035	51750	27180.017649564124
1036	51800	27180.017649564124
1037	51850	27180.017649564124
1038	51900	27180.017649564124
1039	51950	27180.017649564124
1040	52000	27180.017649564124
1041	52050	27180.017649564124
1042	52100	27180.017649564124
1043	52150	27180.017649564124
1044	52200	27180.017649564124
1045	52250	27180.017649564124
1046	52300	27180.017649564124
1047	52350	27180.017649564124
1048	52400	27180.017649564124
1049	52450	27180.017649564124
1050	52500	27180.017649564124
1051	52550	27180.017649564124
1052	52600	27180.017649564124
1053	52650	27180.017649564124
1054	52700	27180.017649564124
1055	52750	27180.017649564124
1056	52800	27180.017649564124
1057	52850	27180.017649564124
1058	52900	27180.017649564124
1059	52950	27180.017649564124
1060	53000	27166.369659052627
1061	53050	27166.369659052627
1062	53100	27166.369659052627
1063	53150	27166.369659052627
1064	53200	27166.369659052627
1065	53250	27166.369659052627
1066	53300	27166.369659052627
1067	53350	27166.369659052627
1068	53400	27166.369659052627
1069	53450	27166.369659052627
1070	53500	27166.369659052627
1071	53550	27157.979387134827
1072	53600	27157.979387134827
1073	53650	27157.979387134827
1074	53700	27157.979387134827
1075	53750	27149.40920994059
1076	53800	27149.40920994059
1077	53850	27149.40920994059
1078	53900	27149.40920994059
1079	53950	27149.40920994059
1080	54000	27149.40920994059
1081	54050	27149.40920994059
1082	54100	27149.40920994059
1083	54150	27149.40920994059
1084	54200	27149.40920994059
1085	54250	27149.40920994059
1086	54300	27149.40920994059
1087	54350	27149.40920994059
1088	54400	27149.40920994059
1089	54450	27149.40920994059
1090	54500	27149.40920994059
1091	54550	27149.40920994059
1092	54600	27149.40920994059
1093	54650	27149.40920994059
1094	54700	27149.40920994059
1095	54750	27149.40920994059
1096	54800	27149.40920994059
1097	54850	27149.40920994059
1098	54900	27149.40920994059
1099	54950	27149.40920994059
1100	55000	27149.40920994059
1101	55050	27149.40920994059
1102	55100	27149.40920994059
1103	55150	27149.40920994059
1104	55200	27149.40920994059
1105	55250	27149.40920994059
1106	55300	27149.40920994059
1107	55350	27149.40920994059
1108	55400	27149.40920994059
1109	55450	27149.40920994059
1110	55500	27149.40920994059
1111	55550	27149.40920994059
1112	55600	27149.40920994059
1113	55650	27149.40920994059
1114	55700	27149.40920994059
1115	55750	27149.40920994059
1116	55800	27149.40920994059
1117	55850	27149.40920994059
1118	55900	27149.40920994059
1119	55950	27149.40920994059
1120	56000	27149.40920994059
1121	56050	27149.40920994059
1122	56100	27149.40920994059
1123	56150	27149.40920994059
1124	56200	27149.40920994059
1125	56250	27149.40920994059
1126	56300	27149.40920994059
1127	56350	27149.40920994059
1128	56400	27149.40920994059
1129	56450	27149.40920994059
1130	56500	27149.40920994059
1131	56550	27149.40920994059
1132	56600	27149.40920994059
1133	56650	27149.40920994059
1134	56700	27149.40920994059
1135	56750	27149.40920994059
1136	56800	27149.40920994059
1137	56850	27149.40920994059
1138	56900	27149.40920994059
1139	56950	27149.40920994059
1140	57000	27149.40920994059
1141	57050	27140.42938226829
1142	57100	27140.42938226829
1143	57150	27140.42938226829
1144	57200	27140.42938226829
1145	57250	27140.42938226829
1146	57300	27140.42938226829
1147	57350	27140.42938226829
1148	57400	27140.42938226829
1149	57450	27103.9966653389
1150	57500	27103.9966653389
1151	57550	27103.9966653389
1152	57600	27103.9966653389
1153	57650	27103.9966653389
1154	57700	27103.9966653389
1155	57750	27103.9966653389
1156	57800	27103.9966653389
1157	57850	27103.9966653389
1158	57900	27103.9966653389
1159	57950	27103.9966653389
1160	58000	27103.9966653389
1161	58050	27103.9966653389
1162	58100	27103.9966653389
1163	58150	27103.9966653389
1164	58200	27103.9966653389
1165	58250	27069.382076663238
1166	58300	27069.382076663238
1167	58350	27069.382076663238
1168	58400	27069.382076663238
1169	58450	27069.382076663238
1170	58500	27069.382076663238
1171	58550	27069.382076663238
1172	58600	27069.382076663238
1173	58650	27069.382076663238
1174	58700	27069.382076663238
1175	58750	27069.382076663238
1176	58800	27069.382076663238
1177	58850	27069.382076663238
1178	58900	27069.382076663238
1179	58950	27069.382076663238
1180	59000	27063.7261340129
1181	59050	27063.7261340129
1182	59100	27063.7261340129
1183	59150	27063.7261340129
1184	59200	27063.7261340129
1185	59250	27063.7261340129
1186	59300	27063.7261340129
1187	59350	27063.7261340129
1188	59400	27063.7261340129
1189	59450	27063.7261340129
1190	59500	27063.7261340129
1191	59550	27063.7261340129
1192	59600	27063.7261340129
1193	59650	27063.7261340129
1194	59700	27063.7261340129
1195	59750	27063.7261340129
1196	59800	27063.7261340129
1197	59850	27063.7261340129
1198	59900	27063.7261340129
1199	59950	27063.7261340129
1200	60000	27063.7261340129
1201	60050	27063.7261340129
1202	60100	27063.7261340129
1203	60150	27063.7261340129
1204	60200	27063.7261340129
1205	60250	27063.7261340129
1206	60300	27063.7261340129
1207	60350	27063.7261340129
1208	60400	27048.989687281566
1209	60450	27048.989687281566
1210	60500	27045.06307921101
1211	60550	27045.06307921101
1212	60600	27045.06307921101
1213	60650	27045.06307921101
1214	60700	27045.06307921101
1215	60750	27045.06307921101
1216	60800	27045.06307921101
1217	60850	27045.06307921101
1218	60900	27045.06307921101
1219	60950	27045.06307921101
1220	61000	27045.06307921101
1221	61050	27045.06307921101
1222	61100	27045.06307921101
1223	61150	27045.06307921101
1224	61200	27045.06307921101
1225	61250	27045.06307921101
1226	61300	27045.06307921101
1227	61350	27045.06307921101
1228	61400	27045.06307921101
1229	61450	27045.06307921101
1230	61500	27045.06307921101
1231	61550	27045.06307921101
1232	61600	27045.06307921101
1233	61650	27045.06307921101
1234	61700	27045.06307921101
1235	61750	27045.06307921101
1236	61800	27045.06307921101
1237	61850	27045.06307921101
1238	61900	27045.06307921101
1239	61950	27045.06307921101
1240	62000	27045.06307921101
1241	62050	27045.06307921101
1242	62100	27045.06307921101
1243	62150	27045.06307921101
1244	62200	27045.06307921101
1245	62250	27045.06307921101
1246	62300	27045.06307921101
1247	62350	27045.06307921101
1248	62400	27045.06307921101
1249	62450	27045.06307921101
1250	62500	27045.06307921101
1251	62550	27045.06307921101
1252	62600	27045.06307921101
1253	62650	27044.611956045817
1254	62700	27044.611956045817
1255	62750	27044.611956045817
1256	62800	27044.611956045817
1257	62850	27044.611956045817
1258	62900	27044.611956045817
1259	62950	27044.611956045817
1260	63000	27044.611956045817
1261	63050	27044.611956045817
1262	63100	27044.611956045817
1263	63150	27044.611956045817
1264	63200	27044.611956045817
1265	63250	27044.611956045817
1266	63300	27044.611956045817
1267	63350	27044.611956045817
1268	63400	27044.611956045817
1269	63450	27044.611956045817
1270	63500	27044.611956045817
1271	63550	27044.611956045817
1272	63600	27044.611956045817
1273	63650	27044.611956045817
1274	63700	27044.611956045817
1275	63750	27044.611956045817
1276	63800	27044.611956045817
1277	63850	27044.611956045817
1278	63900	27044.611956045817
1279	63950	27044.611956045817
1280	64000	27044.611956045817
1281	64050	27044.611956045817
1282	64100	27044.611956045817
1283	64150	27044.611956045817
1284	64200	27044.611956045817
1285	64250	27044.611956045817
1286	64300	27044.611956045817
1287	64350	27044.611956045817
1288	64400	27044.611956045817
1289	64450	27044.611956045817
1290	64500	27044.611956045817
1291	64550	27044.611956045817
1292	64600	27044.611956045817
1293	64650	27044.611956045817
1294	64700	27044.611956045817
1295	64750	27044.611956045817
1296	64800	27044.611956045817
1297	64850	27044.611956045817
1298	64900	27044.611956045817
1299	64950	27044.611956045817
1300	65000	27044.611956045817
1301	65050	27044.611956045817
1302	65100	27044.611956045817
1303	65150	27044.611956045817
1304	65200	27044.611956045817
1305	65250	27044.611956045817
1306	65300	27044.611956045817
1307	65350	27044.611956045817
1308	65400	27044.611956045817
1309	65450	27044.611956045817
1310	65500	27044.611956045817
1311	65550	27044.611956045817
1312	65600	27044.611956045817
1313	65650	27044.611956045817
1314	65700	27044.611956045817
1315	65750	27044.611956045817
1316	65800	27044.611956045817
1317	65850	27044.611956045817
1318	65900	27044.611956045817
1319	65950	27044.611956045817
1320	66000	27044.611956045817
1321	66050	27044.611956045817
1322	66100	27044.611956045817
1323	66150	27044.611956045817
1324	66200	27044.611956045817
1325	66250	27044.611956045817
1326	66300	27044.611956045817
1327	66350	27044.611956045817
1328	66400	27044.611956045817
1329	66450	27044.611956045817
1330	66500	27044.611956045817
1331	66550	27044.611956045817
1332	66600	27044.611956045817
1333	66650	27044.611956045817
1334	66700	27044.611956045817
1335	66750	27044.611956045817
1336	66800	27044.611956045817
1337	66850	27044.611956045817
1338	66900	27044.611956045817
1339	66950	27044.611956045817
1340	67000	27044.611956045817
1341	67050	27044.611956045817
1342	67100	27044.611956045817
1343	67150	27044.611956045817
1344	67200	27044.611956045817
1345	67250	27044.611956045817
1346	67300	27044.611956045817
1347	67350	27044.611956045817
1348	67400	27044.611956045817
1349	67450	27044.611956045817
1350	67500	27044.611956045817
1351	67550	27044.611956045817
1352	67600	27044.611956045817
1353	67650	27044.611956045817
1354	67700	27044.611956045817
1355	67750	27044.611956045817
1356	67800	27044.611956045817
1357	67850	27044.611956045817
1358	67900	27044.611956045817
1359	67950	27044.611956045817
1360	68000	27044.611956045817
1361	68050	27044.611956045817
1362	68100	27044.611956045817
1363	68150	27044.611956045817
1364	68200	27044.611956045817
1365	68250	27044.611956045817
1366	68300	27044.611956045817
1367	68350	27044.611956045817
1368	68400	27044.611956045817
1369	68450	27044.611956045817
1370	68500	27044.611956045817
1371	68550	27044.611956045817
1372	68600	27044.611956045817
1373	68650	27044.611956045817
1374	68700	27044.611956045817
1375	68750	27044.611956045817
1376	68800	27044.611956045817
1377	68850	27044.611956045817
1378	68900	27044.611956045817
1379	68950	27044.611956045817
1380	69000	27044.611956045817
1381	69050	27044.611956045817
1382	69100	27044.611956045817
1383	69150	27044.611956045817
1384	69200	27044.611956045817
1385	69250	27044.611956045817
1386	69300	27044.611956045817
1387	69350	27044.611956045817
1388	69400	27044.611956045817
1389	69450	27044.611956045817
1390	69500	27044.611956045817
1391	69550	27044.611956045817
1392	69600	27044.611956045817
1393	69650	27044.611956045817
1394	69700	27044.611956045817
1395	69750	27044.611956045817
1396	69800	27044.611956045817
1397	69850	27044.611956045817
1398	69900	27044.611956045817
1399	69950	27030.832500696222
1400	70000	27030.832500696222
1401	70050	27030.832500696222
1402	70100	27030.832500696222
1403	70150	27030.832500696222
1404	70200	27030.832500696222
1405	70250	27030.832500696222
1406	70300	27030.832500696222
1407	70350	27030.832500696222
1408	70400	27030.832500696222
1409	70450	27030.832500696222
1410	70500	27030.832500696222
1411	70550	27030.832500696222
1412	70600	27030.832500696222
1413	70650	27030.832500696222
1414	70700	27030.832500696222
1415	70750	27030.832500696222
1416	70800	27030.832500696222
1417	70850	27030.832500696222
1418	70900	27030.832500696222
1419	70950	27030.832500696222
1420	71000	27030.832500696222
1421	71050	27030.832500696222
1422	71100	27030.832500696222
1423	71150	27030.832500696222
1424	71200	27030.832500696222
1425	71250	27030.832500696222
1426	71300	27030.832500696222
1427	71350	27030.832500696222
1428	71400	27030.832500696222
1429	71450	27030.832500696222
1430	71500	27030.832500696222
1431	71550	27030.832500696222
1432	71600	27030.832500696222
1433	71650	27030.832500696222
1434	71700	27030.832500696222
1435	71750	27030.832500696222
1436	71800	27030.832500696222
1437	71850	27030.832500696222
1438	71900	27030.832500696222
1439	71950	27030.832500696222
1440	72000	27030.832500696222
1441	72050	27030.832500696222
1442	72100	27030.832500696222
1443	72150	27030.832500696222
1444	72200	27030.832500696222
1445	72250	27030.832500696222
1446	72300	27030.832500696222
1447	72350	27030.832500696222
1448	72400	27030.832500696222
1449	72450	27030.832500696222
1450	72500	27030.832500696222
1451	72550	27030.832500696222
1452	72600	27030.832500696222
1453	72650	27030.832500696222
1454	72700	27030.832500696222
1455	72750	27030.832500696222
1456	72800	27030.832500696222
1457	72850	27030.832500696222
1458	72900	27030.832500696222
1459	72950	27030.832500696222
1460	73000	27030.832500696222
1461	73050	27030.832500696222
1462	73100	27030.832500696222
1463	73150	27030.832500696222
1464	73200	27030.832500696222
1465	73250	27030.832500696222
1466	73300	27030.832500696222
1467	73350	27030.832500696222
1468	73400	27030.832500696222
1469	73450	27030.832500696222
1470	73500	27030.832500696222
1471	73550	27030.832500696222
1472	73600	27030.832500696222
1473	73650	27030.832500696222
1474	73700	27030.832500696222
1475	73750	27030.832500696222
1476	73800	27030.832500696222
1477	73850	27030.832500696222
1478	73900	27030.832500696222
1479	73950	27030.832500696222
1480	74000	27030.832500696222
1481	74050	27030.832500696222
1482	74100	27030.832500696222
1483	74150	27030.832500696222
1484	74200	27030.832500696222
1485	74250	27030.832500696222
1486	74300	27030.832500696222
1487	74350	27030.832500696222
1488	74400	27030.832500696222
1489	74450	27030.832500696222
1490	74500	27030.832500696222
1491	74550	27030.832500696222
1492	74600	27030.832500696222
1493	74650	27030.832500696222
1494	74700	27030.832500696222
1495	74750	27030.832500696222
1496	74800	27030.832500696222
1497	74850	27030.832500696222
1498	74900	27030.832500696222
1499	74950	27030.832500696222
1500	75000	27030.832500696222
1501	75050	27030.832500696222
1502	75100	27030.832500696222
1503	75150	27030.832500696222
1504	75200	27030.832500696222
1505	75250	27030.832500696222
1506	75300	27030.832500696222
1507	75350	27030.832500696222
1508	75400	27030.832500696222
1509	75450	27030.832500696222
1510	75500	27030.832500696222
1511	75550	27030.832500696222
1512	75600	27030.832500696222
1513	75650	27030.832500696222
1514	75700	27030.832500696222
1515	75750	27030.832500696222
1516	75800	27030.832500696222
1517	75850	27030.832500696222
1518	75900	27030.832500696222
1519	75950	27030.832500696222
1520	76000	27030.832500696222
1521	76050	27030.832500696222
1522	76100	27030.832500696222
1523	76150	27030.832500696222
1524	76200	27030.832500696222
1525	76250	27030.832500696222
1526	76300	27030.832500696222
1527	76350	27030.832500696222
1528	76400	27030.832500696222
1529	76450	27030.832500696222
1530	76500	27030.832500696222
1531	76550	27030.832500696222
1532	76600	27030.832500696222
1533	76650	27030.832500696222
1534	76700	27030.832500696222
1535	76750	27030.832500696222
1536	76800	27030.832500696222
1537	76850	27030.832500696222
1538	76900	27030.832500696222
1539	76950	27030.832500696222
1540	77000	27030.832500696222
1541	77050	27030.832500696222
1542	77100	27030.832500696222
1543	77150	27030.832500696222
1544	77200	27030.832500696222
1545	77250	27030.832500696222
1546	77300	27030.832500696222
1547	77350	27030.832500696222
1548	77400	27030.832500696222
1549	77450	27030.832500696222
1550	77500	27030.832500696222
1551	77550	27030.832500696222
1552	77600	27030.832500696222
1553	77650	27030.832500696222
1554	77700	27030.832500696222
1555	77750	27030.832500696222
1556	77800	27030.832500696222
1557	77850	27030.832500696222
1558	77900	27030.832500696222
1559	77950	27030.832500696222
1560	78000	27030.832500696222
1561	78050	27030.832500696222
1562	78100	27030.832500696222
1563	78150	27030.832500696222
1564	78200	27030.832500696222
1565	78250	27030.832500696222
1566	78300	27030.832500696222
1567	78350	27030.832500696222
1568	78400	27030.832500696222
1569	78450	27030.832500696222
1570	78500	27030.832500696222
1571	78550	27030.832500696222
1572	78600	27030.832500696222
1573	78650	27030.832500696222
1574	78700	27030.832500696222
1575	78750	27030.832500696222
1576	78800	27030.832500696222
1577	78850	27030.832500696222
1578	78900	27030.832500696222
1579	78950	27030.832500696222
1580	79000	27030.832500696222
1581	79050	27030.832500696222
1582	79100	27030.832500696222
1583	79150	27030.832500696222
1584	79200	27030.832500696222
1585	79250	27030.832500696222
1586	79300	27030.832500696222
1587	79350	27030.832500696222
1588	79400	27030.832500696222
1589	79450	27030.832500696222
1590	79500	27030.832500696222
1591	79550	27030.832500696222
1592	79600	27030.832500696222
1593	79650	27030.832500696222
1594	79700	27030.832500696222
1595	79750	27030.832500696222
1596	79800	27030.832500696222
1597	79850	27030.832500696222
1598	79900	27030.832500696222
1599	79950	27030.832500696222
1600	80000	27030.832500696222
1601	80050	27030.832500696222
1602	80100	27030.832500696222
1603	80150	27030.832500696222
1604	80200	27030.832500696222
1605	80250	27030.832500696222
1606	80300	27030.832500696222
1607	80350	27030.832500696222
1608	80400	27030.832500696222
1609	80450	27030.832500696222
1610	80500	27030.832500696222
1611	80550	27030.832500696222
1612	80600	27030.832500696222
1613	80650	27030.832500696222
1614	80700	27030.832500696222
1615	80750	27030.832500696222
1616	80800	27030.832500696222
1617	80850	27030.832500696222
1618	80900	27030.832500696222
1619	80950	27030.832500696222
1620	81000	27030.832500696222
1621	81050	27030.832500696222
1622	81100	27030.832500696222
1623	81150	27030.832500696222
1624	81200	27030.832500696222
1625	81250	27030.832500696222
1626	81300	27030.832500696222
1627	81350	27030.832500696222
1628	81400	27030.832500696222
1629	81450	27030.832500696222
1630	81500	27030.832500696222
1631	81550	27030.832500696222
1632	81600	27030.832500696222
1633	81650	27030.832500696222
1634	81700	27030.832500696222
1635	81750	27030.832500696222
1636	81800	27030.832500696222
1637	81850	27030.832500696222
1638	81900	27030.832500696222
1639	81950	27030.832500696222
1640	82000	27030.832500696222
1641	82050	27030.832500696222
1642	82100	27030.832500696222
1643	82150	27030.832500696222
1644	82200	27030.832500696222
1645	82250	27030.832500696222
1646	82300	27030.832500696222
1647	82350	27030.832500696222
1648	82400	27030.832500696222
1649	82450	27030.832500696222
1650	82500	27030.832500696222
1651	82550	27030.832500696222
1652	82600	27030.832500696222
1653	82650	27030.832500696222
1654	82700	27030.832500696222
1655	82750	27030.832500696222
1656	82800	27030.832500696222
1657	82850	27030.832500696222
1658	82900	27030.832500696222
1659	82950	27030.832500696222
1660	83000	27030.832500696222
1661	83050	27030.832500696222
1662	83100	27030.832500696222
1663	83150	27030.832500696222
1664	83200	27030.832500696222
1665	83250	27030.832500696222
1666	83300	27030.832500696222
1667	83350	27030.832500696222
1668	83400	27030.832500696222
1669	83450	27030.832500696222
1670	83500	27030.832500696222
1671	83550	27030.832500696222
1672	83600	27030.832500696222
1673	83650	27030.832500696222
1674	83700	27030.832500696222
1675	83750	27030.832500696222
1676	83800	27030.832500696222
1677	83850	27030.832500696222
1678	83900	27030.832500696222
1679	83950	27030.832500696222
1680	84000	27030.832500696222
1681	84050	27030.832500696222
1682	84100	27030.832500696222
1683	84150	27030.832500696222
1684	84200	27030.832500696222
1685	84250	27030.832500696222
1686	84300	27030.832500696222
1687	84350	27030.832500696222
1688	84400	27030.832500696222
1689	84450	27030.832500696222
1690	84500	27030.832500696222
1691	84550	27030.832500696222
1692	84600	27030.832500696222
1693	84650	27030.832500696222
1694	84700	27030.832500696222
1695	84750	27030.832500696222
1696	84800	27030.832500696222
1697	84850	27030.832500696222
1698	84900	27030.832500696222
1699	84950	27030.832500696222
1700	85000	27030.832500696222
1701	85050	27030.832500696222
1702	85100	27030.832500696222
1703	85150	27030.832500696222
1704	85200	27030.832500696222
1705	85250	27030.832500696222
1706	85300	27030.832500696222
1707	85350	27030.832500696222
1708	85400	27030.832500696222
1709	85450	27030.832500696222
1710	85500	27030.832500696222
1711	85550	27030.832500696222
1712	85600	27030.832500696222
1713	85650	27030.832500696222
1714	85700	27030.832500696222
1715	85750	27030.832500696222
1716	85800	27030.832500696222
1717	85850	27030.832500696222
1718	85900	27030.832500696222
1719	85950	27030.832500696222
1720	86000	27030.832500696222
1721	86050	27030.832500696222
1722	86100	27030.832500696222
1723	86150	27030.832500696222
1724	86200	27030.832500696222
1725	86250	27030.832500696222
1726	86300	27030.832500696222
1727	86350	27030.832500696222
1728	86400	27030.832500696222
1729	86450	27030.832500696222
1730	86500	27030.832500696222
1731	86550	27030.832500696222
1732	86600	27030.832500696222
1733	86650	27030.832500696222
1734	86700	27030.832500696222
1735	86750	27030.832500696222
1736	86800	27030.832500696222
1737	86850	27030.832500696222
1738	86900	27030.832500696222
1739	86950	27030.832500696222
1740	87000	27030.832500696222
1741	87050	27030.832500696222
1742	87100	27030.832500696222
1743	87150	27030.832500696222
1744	87200	27030.832500696222
1745	87250	27030.832500696222
1746	87300	27030.832500696222
1747	87350	27030.832500696222
1748	87400	27030.832500696222
1749	87450	27030.832500696222
1750	87500	27030.832500696222
1751	87550	27030.832500696222
1752	87600	27030.832500696222
1753	87650	27030.832500696222
1754	87700	27030.832500696222
1755	87750	27030.832500696222
1756	87800	27030.832500696222
1757	87850	27030.832500696222
1758	87900	27030.832500696222
1759	87950	27030.832500696222
1760	88000	27030.832500696222
1761	88050	27030.832500696222
1762	88100	27030.832500696222
1763	88150	27030.832500696222
1764	88200	27030.832500696222
1765	88250	27030.832500696222
1766	88300	27030.832500696222
1767	88350	27030.832500696222
1768	88400	27030.832500696222
1769	88450	27030.832500696222
1770	88500	27030.832500696222
1771	88550	27030.832500696222
1772	88600	27030.832500696222
1773	88650	27030.832500696222
1774	88700	27030.832500696222
1775	88750	27030.832500696222
1776	88800	27030.832500696222
1777	88850	27030.832500696222
1778	88900	27030.832500696222
1779	88950	27030.832500696222
1780	89000	27030.832500696222
1781	89050	27030.832500696222
1782	89100	27030.832500696222
1783	89150	27030.832500696222
1784	89200	27030.832500696222
1785	89250	27030.832500696222
1786	89300	27030.832500696222
1787	89350	27030.832500696222
1788	89400	27030.832500696222
1789	89450	27030.832500696222
1790	89500	27030.832500696222
1791	89550	27030.832500696222
1792	89600	27030.832500696222
1793	89650	27030.832500696222
1794	89700	27030.832500696222
1795	89750	27030.832500696222
1796	89800	27030.832500696222
1797	89850	27030.832500696222
1798	89900	27030.832500696222
1799	89950	27030.832500696222
1800	90000	27030.832500696222
1801	90050	27030.832500696222
1802	90100	27030.832500696222
1803	90150	27030.832500696222
1804	90200	27030.832500696222
1805	90250	27030.832500696222
1806	90300	27030.832500696222
1807	90350	27030.832500696222
1808	90400	27030.832500696222
1809	90450	27030.832500696222
1810	90500	27030.832500696222
1811	90550	27030.832500696222
1812	90600	27030.832500696222
1813	90650	27030.832500696222
1814	90700	27030.832500696222
1815	90750	27030.832500696222
1816	90800	27030.832500696222
1817	90850	27030.832500696222
1818	90900	27030.832500696222
1819	90950	27030.832500696222
1820	91000	27030.832500696222
1821	91050	27030.832500696222
1822	91100	27030.832500696222
1823	91150	27030.832500696222
1824	91200	27030.832500696222
1825	91250	27030.832500696222
1826	91300	27030.832500696222
1827	91350	27030.832500696222
1828	91400	27030.832500696222
1829	91450	27030.832500696222
1830	91500	27030.832500696222
1831	91550	27030.832500696222
1832	91600	27030.832500696222
1833	91650	27030.832500696222
1834	91700	27030.832500696222
1835	91750	27030.832500696222
1836	91800	27030.832500696222
1837	91850	27030.832500696222
1838	91900	27030.832500696222
1839	91950	27030.832500696222
1840	92000	27030.832500696222
1841	92050	27030.832500696222
1842	92100	27030.832500696222
1843	92150	27030.832500696222
1844	92200	27030.832500696222
1845	92250	27030.832500696222
1846	92300	27030.832500696222
1847	92350	27030.832500696222
1848	92400	27030.832500696222
1849	92450	27030.832500696222
1850	92500	27030.832500696222
1851	92550	27030.832500696222
1852	92600	27030.832500696222
1853	92650	27030.832500696222
1854	92700	27030.832500696222
1855	92750	27030.832500696222
1856	92800	27030.832500696222
1857	92850	27030.832500696222
1858	92900	27030.832500696222
1859	92950	27030.832500696222
1860	93000	27030.832500696222
1861	93050	27030.832500696222
1862	93100	27030.832500696222
1863	93150	27030.832500696222
1864	93200	27030.832500696222
1865	93250	27030.832500696222
1866	93300	27030.832500696222
1867	93350	27030.832500696222
1868	93400	27030.832500696222
1869	93450	27030.832500696222
1870	93500	27030.832500696222
1871	93550	27030.832500696222
1872	93600	27030.832500696222
1873	93650	27030.832500696222
1874	93700	27030.832500696222
1875	93750	27030.832500696222
1876	93800	27030.832500696222
1877	93850	27030.832500696222
1878	93900	27030.832500696222
1879	93950	27030.832500696222
1880	94000	27030.832500696222
1881	94050	27030.832500696222
1882	94100	27030.832500696222
1883	94150	27030.832500696222
1884	94200	27030.832500696222
1885	94250	27030.832500696222
1886	94300	27030.832500696222
1887	94350	27030.832500696222
1888	94400	27030.832500696222
1889	94450	27030.832500696222
1890	94500	27030.832500696222
1891	94550	27030.832500696222
1892	94600	27030.832500696222
1893	94650	27030.832500696222
1894	94700	27030.832500696222
1895	94750	27030.832500696222
1896	94800	27030.832500696222
1897	94850	27030.832500696222
1898	94900	27030.832500696222
1899	94950	27030.832500696222
1900	95000	27030.832500696222
1901	95050	27030.832500696222
1902	95100	27030.832500696222
1903	95150	27030.832500696222
1904	95200	27030.832500696222
1905	95250	27030.832500696222
1906	95300	27030.832500696222
1907	95350	27030.832500696222
1908	95400	27030.832500696222
1909	95450	27030.832500696222
1910	95500	27030.832500696222
1911	95550	27030.832500696222
1912	95600	27030.832500696222
1913	95650	27030.832500696222
1914	95700	27030.832500696222
1915	95750	27030.832500696222
1916	95800	27030.832500696222
1917	95850	27030.832500696222
1918	95900	27030.832500696222
1919	95950	27030.832500696222
1920	96000	27030.832500696222
1921	96050	27030.832500696222
1922	96100	27030.832500696222
1923	96150	27030.832500696222
1924	96200	27030.832500696222
1925	96250	27030.832500696222
1926	96300	27030.832500696222
1927	96350	27030.832500696222
1928	96400	27030.832500696222
1929	96450	27030.832500696222
1930	96500	27030.832500696222
1931	96550	27030.832500696222
1932	96600	27030.832500696222
1933	96650	27030.832500696222
1934	96700	27030.832500696222
1935	96750	27030.832500696222
1936	96800	27030.832500696222
1937	96850	27030.832500696222
1938	96900	27030.832500696222
1939	96950	27030.832500696222
1940	97000	27030.832500696222
1941	97050	27030.832500696222
1942	97100	27030.832500696222
1943	97150	27030.832500696222
1944	97200	27030.832500696222
1945	97250	27030.832500696222
1946	97300	27030.832500696222
1947	97350	27030.832500696222
1948	97400	27030.832500696222
1949	97450	27030.832500696222
1950	97500	27030.832500696222
1951	97550	27030.832500696222
1952	97600	27030.832500696222
1953	97650	27030.832500696222
1954	97700	27030.832500696222
1955	97750	27030.832500696222
1956	97800	27030.832500696222
1957	97850	27030.832500696222
1958	97900	27030.832500696222
1959	97950	27030.832500696222
1960	98000	27030.832500696222
1961	98050	27030.832500696222
1962	98100	27030.832500696222
1963	98150	27030.832500696222
1964	98200	27030.832500696222
1965	98250	27030.832500696222
1966	98300	27030.832500696222
1967	98350	27030.832500696222
1968	98400	27030.832500696222
1969	98450	27030.832500696222
1970	98500	27030.832500696222
1971	98550	27030.832500696222
1972	98600	27030.832500696222
1973	98650	27030.832500696222
1974	98700	27030.832500696222
1975	98750	27030.832500696222
1976	98800	27030.832500696222
1977	98850	27030.832500696222
1978	98900	27030.832500696222
1979	98950	27030.832500696222
1980	99000	27030.832500696222
1981	99050	27030.832500696222
1982	99100	27030.832500696222
1983	99150	27030.832500696222
1984	99200	27030.832500696222
1985	99250	27030.832500696222
1986	99300	27030.832500696222
1987	99350	27030.832500696222
1988	99400	27030.832500696222
1989	99450	27030.832500696222
1990	99500	27030.832500696222
1991	99550	27030.832500696222
1992	99600	27030.832500696222
1993	99650	27030.832500696222
1994	99700	27030.832500696222
1995	99750	27030.832500696222
1996	99800	27030.832500696222
1997	99850	27030.832500696222
1998	99900	27030.832500696222
1999	99950	27030.832500696222
2000	100000	27030.832500696222
