1	50	556.1050647918454
2	100	520.2248843619038
3	150	513.651439520917
4	200	480.0356174867119
5	250	457.10428387761823
6	300	442.48755534031824
7	350	416.51346664981395
8	400	397.2475569281684
9	450	360.1194286953039
10	500	333.2218639949573
11	550	310.2099597436164
12	600	271.5975804196532
13	650	259.20400784622444
14	700	250.22975648822657
15	750	243.37063818929974
16	800	236.81489294123952
17	850	230.01838354963033
18	900	217.48528508470622
19	950	209.86467200222313
20	1000	189.88850993320145
21	1050	179.0052648489813
22	1100	156.30764258509413
23	1150	147.57642739951447
24	1200	139.79248887830028
25	1250	139.35769261441664
26	1300	130.57117694439745
27	1350	126.29204195949505
28	1400	118.28118184219252
29	1450	114.96183698974082
30	1500	98.37729737898044
31	1550	93.66019588184722
32	1600	89.20539796629842
33	1650	85.10265886667338
34	1700	78.29365600624244
35	1750	72.73018172771967
36	1800	69.369642997395
37	1850	65.37848920328396
38	1900	57.67914887642523
39	1950	55.300017209972225
40	2000	52.64940941449326
41	2050	48.54581220577677
42	2100	46.406095807837524
43	2150	44.90964493855488
44	2200	43.23640010544804
45	2250	39.45722740847075
46	2300	38.16847479239412
47	2350	35.77386067513616
48	2400	33.162742666616154
49	2450	29.327461492956047
50	2500	27.182534537608927
51	2550	25.297635520332822
52	2600	24.42681457114526
53	2650	22.587603917478738
54	2700	21.401772443249392
55	2750	19.491022173193826
56	2800	18.782712655383836
57	2850	17.336775237462163
58	2900	15.546027036526628
59	2950	15.132156197583948
60	3000	14.699766984977108
61	3050	13.384581363631511
62	3100	12.722542357741258
63	3150	12.455220303233165
64	3200	12.0249315303733
65	3250	10.666227806028925
66	3300	10.308565161943076
67	3350	9.964837357759501
68	3400	8.610493652172472
69	3450	7.804669412445553
70	3500	7.723190889713029
71	3550	7.589206030186668
72	3600	7.101229861777815
73	3650	6.529971865330654
74	3700	5.623837894225876
75	3750	4.956999882557938
76	3800	4.759496274796487
77	3850	4.126908828756525
78	3900	3.915434066124475
79	3950	3.7581548457522245
80	4000	3.5362351677865247
81	4050	3.3592634405606434
82	4100	3.2134015322181697
83	4150	3.1938412897862762
84	4200	2.8097579855171966
85	4250	2.559616461582829
86	4300	2.337794356612569
87	4350	2.304287833243037
88	4400	2.2045314430197287
89	4450	2.1514530463013513
90	4500	2.04344848138413
91	4550	1.9808675079519595
92	4600	1.789915432452661
93	4650	1.7164734407011832
94	4700	1.621662217376882
95	4750	1.567084965516628
96	4800	1.4421787363862895
97	4850	1.3546238958905514
98	4900	1.2573291369408717
99	4950	1.1628456376516558
100	5000	1.0207594732924292
101	5050	1.004633514686034
102	5100	0.9692439922732319
103	5150	0.9268776979532667
104	5200	0.8595485340559561
105	5250	0.819608949802646
106	5300	0.7802539419025792
107	5350	0.7290628566920699
108	5400	0.7047782139519829
109	5450	0.6733005760133514
110	5500	0.5749606055910146
111	5550	0.5285790969281429
112	5600	0.5082966675423158
113	5650	0.4832239834808454
114	5700	0.4584578511538503
115	5750	0.4478431860445783
116	5800	0.41482365795049103
117	5850	0.3940279735532918
118	5900	0.3604327059119755
119	5950	0.3521734421584703
120	6000	0.32580618913995785
121	6050	0.2980259411979745
122	6100	0.2878044245804559
123	6150	0.2763927442645695
124	6200	0.2575647404538287
125	6250	0.2387607229859526
126	6300	0.21826072188991663
127	6350	0.20807717219965144
128	6400	0.19577621104803813
129	6450	0.19277313886509378
130	6500	0.18356056911156426
131	6550	0.1783600219043195
132	6600	0.1664415599220353
133	6650	0.15608405682132825
134	6700	0.14240645987345715
135	6750	0.13961451042298142
136	6800	0.125473873347516
137	6850	0.11416760976856466
138	6900	0.1056919757154722
139	6950	0.09801400656870667
140	7000	0.0891325084343406
141	7050	0.08731852829044044
142	7100	0.08205154087982844
143	7150	0.07671964699670186
144	7200	0.07350461901151313
145	7250	0.06756586152402308
146	7300	0.059055518690438256
147	7350	0.054619517797649716
148	7400	0.05312149663864113
149	7450	0.05130495308915748
150	7500	0.048593619679407715
151	7550	0.048498676123552395
152	7600	0.04708226120779896
153	7650	0.04326207417694694
154	7700	0.03679970184738964
155	7750	0.035407114800569316
156	7800	0.03415738073349998
157	7850	0.03264205397525337
158	7900	0.02920145326197331
159	7950	0.028852078835864974
160	8000	0.027621819456449242
161	8050	0.024822321704362035
162	8100	0.023676651179734078
163	8150	0.022369440982977655
164	8200	0.020496522291928512
165	8250	0.019320126172217504
166	8300	0.01887192797733252
167	8350	0.018339740955691505
168	8400	0.01739326386353791
169	8450	0.01594173203848103
170	8500	0.015541542660540036
171	8550	0.015229864753469612
172	8600	0.013887129756492412
173	8650	0.012934615139614483
174	8700	0.01153759221136812
175	8750	0.010397632557189963
176	8800	0.010133417163963775
177	8850	0.00938815447812858
178	8900	0.009012713351676341
179	8950	0.007716493874978475
180	9000	0.007334519753600799
181	9050	0.006980902324478569
182	9100	0.006740289423300372
183	9150	0.00644300008415868
184	9200	0.00630343902410946
185	9250	0.006072361968204782
186	9300	0.0056293494372846925
187	9350	0.00530297229105031
188	9400	0.004977188998518608
189	9450	0.004827312782663621
190	9500	0.004644560668897654
191	9550	0.0041847302190973976
192	9600	0.0038968816863702736
193	9650	0.003636111812252381
194	9700	0.003409599593285374
195	9750	0.003162757116778027
196	9800	0.00303929667599863
197	9850	0.002962295428038443
198	9900	0.002872799824788314
199	9950	0.0026811531833719243
200	10000	0.002506315524118677
201	10050	0.002355890269136578
202	10100	0.002181888704489515
203	10150	0.0018484507472097313
204	10200	0.0016528355857241346
205	10250	0.0015080122682631565
206	10300	0.001439821310849084
207	10350	0.00143255746592937
208	10400	0.0012868365214803875
209	10450	0.001251097267424985
210	10500	0.0011746164949040982
211	10550	0.0010849872631015153
212	10600	0.0010605507014139297
213	10650	9.987194290040633E-4
214	10700	9.161262997179401E-4
215	10750	8.528583024689122E-4
216	10800	8.123125554057097E-4
217	10850	7.543330201770307E-4
218	10900	6.800754690053102E-4
219	10950	6.633271800685521E-4
220	11000	6.541373155854134E-4
221	11050	6.173146266141517E-4
222	11100	5.936567665516216E-4
223	11150	5.765439138888309E-4
224	11200	4.962981882413659E-4
225	11250	4.653137358475148E-4
226	11300	4.421012844130311E-4
227	11350	4.3799793142324466E-4
228	11400	3.9762117301481793E-4
229	11450	3.6714562088330043E-4
230	11500	3.5828556845163403E-4
231	11550	3.4399869631511297E-4
232	11600	3.079422774746119E-4
233	11650	2.7955552243565346E-4
234	11700	2.447056221480715E-4
235	11750	2.247243815149303E-4
236	11800	2.007301021106055E-4
237	11850	1.919369785224842E-4
238	11900	1.8068507215655995E-4
239	11950	1.7973706784756802E-4
240	12000	1.5737832198542938E-4
241	12050	1.4172960110633514E-4
242	12100	1.3108250200884286E-4
243	12150	1.1488923668055763E-4
244	12200	1.0995850242406433E-4
245	12250	1.0276330918369926E-4
246	12300	9.231660634894461E-5
247	12350	8.468484738497533E-5
248	12400	8.052836594348786E-5
249	12450	7.548797971964983E-5
250	12500	6.901668381960992E-5
251	12550	6.785826711706259E-5
252	12600	6.499453651787602E-5
253	12650	6.256193366841251E-5
254	12700	5.999079626447345E-5
255	12750	5.7494975908618533E-5
256	12800	5.4794452259740153E-5
257	12850	5.2917159360155946E-5
258	12900	5.0917923743381274E-5
259	12950	4.806879449170369E-5
260	13000	4.693325224755456E-5
261	13050	4.4764680287794704E-5
262	13100	3.920936163716666E-5
263	13150	3.890424327951904E-5
264	13200	3.684649394875701E-5
265	13250	3.532907825620693E-5
266	13300	3.242554624191903E-5
267	13350	3.146102333851559E-5
268	13400	3.045898710487169E-5
269	13450	2.8497968353350293E-5
270	13500	2.711508644550831E-5
271	13550	2.568045086459304E-5
272	13600	2.5011567398951582E-5
273	13650	2.245795631053043E-5
274	13700	2.1975124479390617E-5
275	13750	2.1756122286479133E-5
276	13800	2.0312700701829107E-5
277	13850	1.8696530950730192E-5
278	13900	1.8526464070791393E-5
279	13950	1.812072641117507E-5
280	14000	1.790263718800069E-5
281	14050	1.768955967651486E-5
282	14100	1.634595906923504E-5
283	14150	1.537672798328474E-5
284	14200	1.4862594215039382E-5
285	14250	1.2673617796248135E-5
286	14300	1.0827816605831437E-5
287	14350	9.696895174860377E-6
288	14400	9.115091105769948E-6
289	14450	8.908805388121998E-6
290	14500	7.898724136206862E-6
291	14550	7.326946900649415E-6
292	14600	6.8618191165371455E-6
293	14650	6.779299958965496E-6
294	14700	6.496000276201319E-6
295	14750	5.8342827315099286E-6
296	14800	5.494524337837404E-6
297	14850	4.908214220944447E-6
298	14900	4.6132182560670565E-6
299	14950	4.147611425031689E-6
300	15000	4.0323957675735185E-6
301	15050	3.6216566298086222E-6
302	15100	3.308789738204531E-6
303	15150	3.158657563103924E-6
304	15200	3.0703387634864745E-6
305	15250	2.8829354281013417E-6
306	15300	2.6924738022706784E-6
307	15350	2.54242658212311E-6
308	15400	2.346763112570562E-6
309	15450	2.246527449575027E-6
310	15500	1.967561058788427E-6
311	15550	1.888325642342914E-6
312	15600	1.761070024209124E-6
313	15650	1.7308119113779123E-6
314	15700	1.7104122106018656E-6
315	15750	1.6288760387805338E-6
316	15800	1.6014791083015933E-6
317	15850	1.566865988036419E-6
318	15900	1.5091475652639394E-6
319	15950	1.4737595134378165E-6
320	16000	1.3251431311210504E-6
321	16050	1.2842646636596739E-6
322	16100	1.1239423808911226E-6
323	16150	1.1175532470921208E-6
324	16200	1.0552199441186833E-6
325	16250	9.867127069719516E-7
326	16300	9.49090428110643E-7
327	16350	8.855256318307115E-7
328	16400	8.239113759826515E-7
329	16450	8.069631717343181E-7
330	16500	7.662637102919358E-7
331	16550	6.987566707379537E-7
332	16600	6.502141642718875E-7
333	16650	6.188807807329521E-7
334	16700	5.865215823751906E-7
335	16750	5.516671779523621E-7
336	16800	5.111459974795199E-7
337	16850	4.819824003224837E-7
338	16900	4.422229017568732E-7
339	16950	4.3276387308393365E-7
340	17000	3.8396019004407404E-7
341	17050	3.666640612166708E-7
342	17100	3.461793574940976E-7
343	17150	3.223438325714324E-7
344	17200	3.0363126468527957E-7
345	17250	2.889411842165495E-7
346	17300	2.647750264054777E-7
347	17350	2.30448029355069E-7
348	17400	2.0676218953524846E-7
349	17450	1.9945521166439036E-7
350	17500	1.7713277582598993E-7
351	17550	1.7646899302665053E-7
352	17600	1.6840379277127217E-7
353	17650	1.5222247559701378E-7
354	17700	1.4812289316262383E-7
355	17750	1.3040431053612934E-7
356	17800	1.2471971883749692E-7
357	17850	1.1010981227097282E-7
358	17900	1.0182798674875451E-7
359	17950	9.846431405710275E-8
360	18000	9.194778009334149E-8
361	18050	9.055939358965449E-8
362	18100	8.825378219663991E-8
363	18150	8.752937796782836E-8
364	18200	8.130151986809765E-8
365	18250	7.631233964360982E-8
366	18300	7.286328563956604E-8
367	18350	7.056192393902089E-8
368	18400	6.383531387089843E-8
369	18450	6.086320911575331E-8
370	18500	5.359594609150527E-8
371	18550	4.952958861811626E-8
372	18600	4.7201399561842835E-8
373	18650	4.2493836396352005E-8
374	18700	4.207819966319807E-8
375	18750	3.954683875670956E-8
376	18800	3.6797039278145064E-8
377	18850	3.38626735661188E-8
378	18900	3.0269828043053425E-8
379	18950	2.760383353361855E-8
380	19000	2.7095515610966725E-8
381	19050	2.5153040527612862E-8
382	19100	2.316066898081149E-8
383	19150	2.3027389372772086E-8
384	19200	2.1756862968027183E-8
385	19250	2.0990437120035396E-8
386	19300	2.0031013940396452E-8
387	19350	1.8173699061469407E-8
388	19400	1.6920294003434655E-8
389	19450	1.6263643864273272E-8
390	19500	1.5408973702648668E-8
391	19550	1.4492912046948918E-8
392	19600	1.4061766768864305E-8
393	19650	1.3115131866924713E-8
394	19700	1.226812929209986E-8
395	19750	1.0999913378141572E-8
396	19800	1.0701181780717814E-8
397	19850	1.0335339554579432E-8
398	19900	9.817654848182412E-9
399	19950	9.309758960793318E-9
400	20000	8.740457647467603E-9
401	20050	7.873904857706857E-9
402	20100	7.669370641999192E-9
403	20150	7.273456153086322E-9
404	20200	6.409813659526717E-9
405	20250	5.8974883200028914E-9
406	20300	5.425002044294694E-9
407	20350	4.9820505044264965E-9
408	20400	4.484493538080512E-9
409	20450	4.345994582387643E-9
410	20500	4.05157588903842E-9
411	20550	3.851768061013902E-9
412	20600	3.6935716799125204E-9
413	20650	3.0809749495967907E-9
414	20700	2.905660625904784E-9
415	20750	2.7680496466134155E-9
416	20800	2.6759953045910236E-9
417	20850	2.3305859434115443E-9
418	20900	2.2928634588294724E-9
419	20950	2.2709057967324876E-9
420	21000	2.0868110074334785E-9
421	21050	2.017803226337555E-9
422	21100	1.938912303960268E-9
423	21150	1.8581545119420975E-9
424	21200	1.7829648623982172E-9
425	21250	1.7189125763500158E-9
426	21300	1.6113197083321664E-9
427	21350	1.3785758222048944E-9
428	21400	1.2629235063386605E-9
429	21450	1.2026093224511596E-9
430	21500	1.134421180052696E-9
431	21550	1.0456342894898634E-9
432	21600	1.0125016064419216E-9
433	21650	8.838272767117141E-10
434	21700	8.548823248247828E-10
435	21750	8.337984104098427E-10
436	21800	7.624142700583495E-10
437	21850	7.263424654253003E-10
438	21900	6.688847460015722E-10
439	21950	6.454050750437052E-10
440	22000	6.232438389116208E-10
441	22050	5.792657179854622E-10
442	22100	5.645636358646786E-10
443	22150	5.093196885696465E-10
444	22200	4.671807086568155E-10
445	22250	4.5237096493630334E-10
446	22300	4.336951545275812E-10
447	22350	3.9928661207340877E-10
448	22400	3.8546052246856903E-10
449	22450	3.6038841988961825E-10
450	22500	3.444599163769481E-10
451	22550	2.9689237637331403E-10
452	22600	2.886876735371051E-10
453	22650	2.832641198337452E-10
454	22700	2.7847837424566174E-10
455	22750	2.4755164595682E-10
456	22800	2.3446423559721177E-10
457	22850	2.080502462359704E-10
458	22900	1.9154504055415746E-10
459	22950	1.7125186225901546E-10
460	23000	1.6302693166514234E-10
461	23050	1.5447768382183675E-10
462	23100	1.508748108509788E-10
463	23150	1.4699639202736538E-10
464	23200	1.4293782961931876E-10
465	23250	1.3662290344131189E-10
466	23300	1.2953790594768607E-10
467	23350	1.2153026496544214E-10
468	23400	1.1111573231755649E-10
469	23450	9.599998185910065E-11
470	23500	9.532601378552952E-11
471	23550	9.427791937640722E-11
472	23600	8.842163316291218E-11
473	23650	8.744571980340259E-11
474	23700	8.549314680311985E-11
475	23750	7.801728430210725E-11
476	23800	7.434914076295367E-11
477	23850	6.942799192144554E-11
478	23900	6.595093579850139E-11
479	23950	6.289725344589721E-11
480	24000	5.982540876422461E-11
481	24050	5.740726182680361E-11
482	24100	5.4216100562606026E-11
483	24150	5.157072158971933E-11
484	24200	4.980266765387555E-11
485	24250	4.8477067610001483E-11
486	24300	4.727785960956415E-11
487	24350	4.408262853545681E-11
488	24400	3.948215490007586E-11
489	24450	3.4029757601092874E-11
490	24500	3.300464492235862E-11
491	24550	2.7330889934360615E-11
492	24600	2.5915668051083097E-11
493	24650	2.4547521352398805E-11
494	24700	2.314371478723755E-11
495	24750	2.241875132490298E-11
496	24800	2.1787239375224683E-11
497	24850	2.1017354821096566E-11
498	24900	1.8394283966219865E-11
499	24950	1.683789303705927E-11
500	25000	1.59351578144428E-11
501	25050	1.5734006897999825E-11
502	25100	1.3854208979273433E-11
503	25150	1.3100681850147207E-11
504	25200	1.2377731826243476E-11
505	25250	1.107486418658233E-11
506	25300	1.047330651412405E-11
507	25350	9.77141565388013E-12
508	25400	9.12629828362983E-12
509	25450	8.612044098068269E-12
510	25500	8.485191584704632E-12
511	25550	7.945069236303858E-12
512	25600	7.180976844438719E-12
513	25650	6.670767468614674E-12
514	25700	6.311539076037293E-12
515	25750	5.87393293404453E-12
516	25800	5.71770054802535E-12
517	25850	5.0145521171158725E-12
518	25900	4.746552591838747E-12
519	25950	4.540795972304728E-12
520	26000	4.2608814516717756E-12
521	26050	4.1529677465246505E-12
522	26100	3.786730853879599E-12
523	26150	3.5608477718974544E-12
524	26200	3.2252386296945058E-12
525	26250	3.1510517647225456E-12
526	26300	2.97399293484139E-12
527	26350	2.7874765241758116E-12
528	26400	2.7070525754320263E-12
529	26450	2.588140965279777E-12
530	26500	2.513440022496071E-12
531	26550	2.433185872794586E-12
532	26600	2.2256767271867642E-12
533	26650	2.152223157744181E-12
534	26700	2.0321183382990555E-12
535	26750	1.8729319892709284E-12
536	26800	1.7797267075215673E-12
537	26850	1.6448304880284598E-12
538	26900	1.5959449532699098E-12
539	26950	1.4057030794795652E-12
540	27000	1.3614414268512822E-12
541	27050	1.3025673581440702E-12
542	27100	1.242778672076691E-12
543	27150	1.1292848380532346E-12
544	27200	1.04068720991839E-12
545	27250	9.917267996620531E-13
546	27300	9.560302149733793E-13
547	27350	8.195712000422558E-13
548	27400	8.091198133455134E-13
549	27450	7.992330760112315E-13
550	27500	7.212316388478517E-13
551	27550	6.943860719226132E-13
552	27600	6.310228365496221E-13
553	27650	5.472890918092672E-13
554	27700	5.293138832289286E-13
555	27750	5.242287629815241E-13
556	27800	5.225468711484125E-13
557	27850	4.809004065023393E-13
558	27900	4.625489693989608E-13
559	27950	4.3423464843191296E-13
560	28000	4.187959955521624E-13
561	28050	4.081693196421012E-13
562	28100	3.9784656531162164E-13
563	28150	3.636068779636528E-13
564	28200	3.421187876733169E-13
565	28250	3.097721308406055E-13
566	28300	2.9785586292556175E-13
567	28350	2.8523746959099727E-13
568	28400	2.5157832602333537E-13
569	28450	2.3538747462191134E-13
570	28500	2.2094288888265E-13
571	28550	2.1431062132833941E-13
572	28600	2.0151910927943418E-13
573	28650	1.8154714635731871E-13
574	28700	1.7133857514724533E-13
575	28750	1.6214059429112318E-13
576	28800	1.5378602522518295E-13
577	28850	1.4862262792030989E-13
578	28900	1.4213183602679966E-13
579	28950	1.3626144776510879E-13
580	29000	1.3138857472101644E-13
581	29050	1.2076500334366173E-13
582	29100	1.1038807140252174E-13
583	29150	1.0393170603822462E-13
584	29200	1.0202351636113802E-13
585	29250	9.880706828362893E-14
586	29300	8.101791907423364E-14
587	29350	7.961638092480808E-14
588	29400	7.51584726104983E-14
589	29450	7.284305243852258E-14
590	29500	7.165542448009686E-14
591	29550	6.463465087395357E-14
592	29600	5.844038017215704E-14
593	29650	4.996088822563219E-14
594	29700	4.8567627154858816E-14
595	29750	4.6951147795636255E-14
596	29800	4.340254644814883E-14
597	29850	4.11202153406179E-14
598	29900	4.0254050418776627E-14
599	29950	3.5449634810085605E-14
600	30000	3.1392644366509733E-14
601	30050	3.0737325300859595E-14
602	30100	2.5706522894906063E-14
603	30150	2.3741903323413338E-14
604	30200	2.365096748809666E-14
605	30250	2.2245566725198972E-14
606	30300	2.19549394741456E-14
607	30350	1.9266512754168298E-14
608	30400	1.7409739711257346E-14
609	30450	1.702421734887316E-14
610	30500	1.6449785318559596E-14
611	30550	1.5859658189125666E-14
612	30600	1.552227490968027E-14
613	30650	1.4151881663950834E-14
614	30700	1.2580268562808966E-14
615	30750	1.1562137291010152E-14
616	30800	1.1036413326814725E-14
617	30850	1.0300630004894342E-14
618	30900	9.480701133450726E-15
619	30950	8.932191995936613E-15
620	31000	8.104975910899702E-15
621	31050	7.731131831138092E-15
622	31100	7.186280438509195E-15
623	31150	6.7933534669502164E-15
624	31200	6.424345055260882E-15
625	31250	6.288821440262175E-15
626	31300	6.017766766744384E-15
627	31350	5.7954096121671785E-15
628	31400	5.689993431496551E-15
629	31450	5.006163221020667E-15
630	31500	4.824900917098548E-15
631	31550	4.471625628533575E-15
632	31600	4.238118068266435E-15
633	31650	4.004041606172152E-15
634	31700	3.9481365158458815E-15
635	31750	3.836947128511826E-15
636	31800	3.3749133731842738E-15
637	31850	3.2162632824078146E-15
638	31900	2.9596938363352803E-15
639	31950	2.9314544585900207E-15
640	32000	2.6885512984250168E-15
641	32050	2.4886678111477144E-15
642	32100	2.1467377751798953E-15
643	32150	1.9979781243842362E-15
644	32200	1.9209058002310746E-15
645	32250	1.8438479494755587E-15
646	32300	1.7201359500450017E-15
647	32350	1.6305684975719463E-15
648	32400	1.4207743354581673E-15
649	32450	1.3919570449866901E-15
650	32500	1.295052096659294E-15
651	32550	1.1806391856074575E-15
652	32600	1.0701880497997913E-15
653	32650	9.861408154052618E-16
654	32700	9.702722797058506E-16
655	32750	8.943228023619771E-16
656	32800	8.009168463297378E-16
657	32850	7.382392408779102E-16
658	32900	6.740231683718192E-16
659	32950	6.427845147678737E-16
660	33000	6.168276928075613E-16
661	33050	6.005013312474914E-16
662	33100	5.885882456502601E-16
663	33150	5.591168197255912E-16
664	33200	4.974616289939717E-16
665	33250	4.731690777631246E-16
666	33300	4.481117673973092E-16
667	33350	4.338865889257416E-16
668	33400	4.0809681609282977E-16
669	33450	3.965227365507657E-16
670	33500	3.897158566642495E-16
671	33550	3.732306908017519E-16
672	33600	3.348881247660456E-16
673	33650	3.276928073978072E-16
674	33700	3.212739147953945E-16
675	33750	2.975605347898585E-16
676	33800	2.8560652837700266E-16
677	33850	2.6151693155522095E-16
678	33900	2.4328412097116896E-16
679	33950	2.2235891455392995E-16
680	34000	2.1332152957599166E-16
681	34050	1.997661966056568E-16
682	34100	1.8928834249018866E-16
683	34150	1.8002462619337243E-16
684	34200	1.6876862704363283E-16
685	34250	1.4753253295328494E-16
686	34300	1.4322559344668896E-16
687	34350	1.3095606938224865E-16
688	34400	1.2880209299449187E-16
689	34450	1.2800253777502008E-16
690	34500	1.2371849130134567E-16
691	34550	1.1463039973151824E-16
692	34600	1.0333858905959118E-16
693	34650	9.356435785374521E-17
694	34700	8.707489388641415E-17
695	34750	8.397173172209623E-17
696	34800	7.660208492391789E-17
697	34850	7.279419655033487E-17
698	34900	7.124955588853781E-17
699	34950	6.963801915629721E-17
700	35000	6.42053788918599E-17
701	35050	5.854182040921521E-17
702	35100	5.149036548762079E-17
703	35150	5.00876569813139E-17
704	35200	4.619096620105462E-17
705	35250	4.295695077339003E-17
706	35300	4.04599838626775E-17
707	35350	3.983865572770664E-17
708	35400	3.789064384994729E-17
709	35450	3.5564402591928415E-17
710	35500	3.458489256718502E-17
711	35550	3.055339560381649E-17
712	35600	2.9940624517689744E-17
713	35650	2.869173856522168E-17
714	35700	2.544378467563619E-17
715	35750	2.4440190961624604E-17
716	35800	2.3185103019412833E-17
717	35850	2.2857568323365814E-17
718	35900	2.1622140994921786E-17
719	35950	2.094354228923068E-17
720	36000	2.015394898072972E-17
721	36050	1.9831983957179652E-17
722	36100	1.7735214993893216E-17
723	36150	1.6802502721003283E-17
724	36200	1.6294592955096526E-17
725	36250	1.334995492353508E-17
726	36300	1.2154518891446949E-17
727	36350	1.1154336740225788E-17
728	36400	1.0939251490266102E-17
729	36450	1.0700136066697268E-17
730	36500	9.511237020426522E-18
731	36550	8.713195954363823E-18
732	36600	8.303935766044462E-18
733	36650	7.977909952755417E-18
734	36700	7.276346232301757E-18
735	36750	7.094412468144538E-18
736	36800	5.996562904995771E-18
737	36850	5.815425261252856E-18
738	36900	5.5938350932694685E-18
739	36950	5.4831200382402E-18
740	37000	4.825770191752001E-18
741	37050	4.680218486891373E-18
742	37100	4.550334806893191E-18
743	37150	4.240187895445073E-18
744	37200	4.062355908540336E-18
745	37250	3.592742801965588E-18
746	37300	3.1785000535327617E-18
747	37350	3.053228576116601E-18
748	37400	2.739106820295269E-18
749	37450	2.6450458562109232E-18
750	37500	2.5664677159672426E-18
751	37550	2.5072294511220703E-18
752	37600	2.4570612537482266E-18
753	37650	2.2709678173254546E-18
754	37700	2.028363349633571E-18
755	37750	1.9206736692133535E-18
756	37800	1.7606786515424894E-18
757	37850	1.6344121655689946E-18
758	37900	1.536003173202994E-18
759	37950	1.4191141758354793E-18
760	38000	1.388677392093399E-18
761	38050	1.274421810002413E-18
762	38100	1.1933987282973709E-18
763	38150	1.159070751152861E-18
764	38200	1.1354208775096962E-18
765	38250	9.889798443218595E-19
766	38300	9.627509178451043E-19
767	38350	9.052564021594364E-19
768	38400	8.35805892725636E-19
769	38450	7.83112830504187E-19
770	38500	7.774757292210844E-19
771	38550	7.326501745575102E-19
772	38600	6.764942123761805E-19
773	38650	6.18361890285675E-19
774	38700	5.864923910612228E-19
775	38750	5.03741308110402E-19
776	38800	4.897090509557231E-19
777	38850	4.2911665386946065E-19
778	38900	4.2283366930370006E-19
779	38950	3.954111871527486E-19
780	39000	3.7769099575893094E-19
781	39050	3.688690250366404E-19
782	39100	3.524802433156231E-19
783	39150	3.396080062887573E-19
784	39200	3.217788931685914E-19
785	39250	2.8824588467650103E-19
786	39300	2.6734196906125357E-19
787	39350	2.561962468447669E-19
788	39400	2.4990612073855067E-19
789	39450	2.3883035764394573E-19
790	39500	2.2957586771780364E-19
791	39550	2.0585852352638717E-19
792	39600	1.9375302578846625E-19
793	39650	1.869605797129533E-19
794	39700	1.8056821110381328E-19
795	39750	1.67139307056746E-19
796	39800	1.572347381841637E-19
797	39850	1.491279584487471E-19
798	39900	1.299368455683491E-19
799	39950	1.2015305879653373E-19
800	40000	1.1613603285691259E-19
801	40050	1.1107234059604987E-19
802	40100	1.064334121740605E-19
803	40150	9.753911017547838E-20
804	40200	9.206043591516865E-20
805	40250	8.589866655098035E-20
806	40300	8.439946927734458E-20
807	40350	8.408396755482159E-20
808	40400	7.887093002699879E-20
809	40450	7.640529758223787E-20
810	40500	7.450427977654102E-20
811	40550	6.487139821023162E-20
812	40600	5.566568456290464E-20
813	40650	5.367858384702188E-20
814	40700	5.1962548826730947E-20
815	40750	4.9677399787707556E-20
816	40800	4.736592509820648E-20
817	40850	4.094710318633515E-20
818	40900	3.768731049011549E-20
819	40950	3.569704500723316E-20
820	41000	3.3365493109379965E-20
821	41050	3.108947327782942E-20
822	41100	3.029505649989297E-20
823	41150	2.912746213948201E-20
824	41200	2.684823885697908E-20
825	41250	2.253915664295132E-20
826	41300	2.175590068845601E-20
827	41350	2.1308499531197494E-20
828	41400	2.0611336674603438E-20
829	41450	1.8916320898900035E-20
830	41500	1.7326475713307126E-20
831	41550	1.644763514324911E-20
832	41600	1.6437951964069657E-20
833	41650	1.5318990476665753E-20
834	41700	1.396962729721818E-20
835	41750	1.2549660021699847E-20
836	41800	1.1763895243983332E-20
837	41850	1.159127026558463E-20
838	41900	1.013492178459586E-20
839	41950	9.068260893284376E-21
840	42000	8.005241967159883E-21
841	42050	7.614854657076645E-21
842	42100	7.395587585375105E-21
843	42150	6.4203064722098345E-21
844	42200	5.986800155922655E-21
845	42250	5.739447155637853E-21
846	42300	5.510511292625896E-21
847	42350	5.475789644873397E-21
848	42400	5.0263612053872566E-21
849	42450	4.8254505535197235E-21
850	42500	4.763145914869867E-21
851	42550	4.63753916877098E-21
852	42600	4.1551471238983475E-21
853	42650	3.958482774742235E-21
854	42700	3.709983595703566E-21
855	42750	3.508373554393446E-21
856	42800	3.383296216342435E-21
857	42850	3.214030704373973E-21
858	42900	2.8799609251541358E-21
859	42950	2.7009827473444187E-21
860	43000	2.4121968031808873E-21
861	43050	2.400994693257814E-21
862	43100	2.2058181769169222E-21
863	43150	2.132618973575672E-21
864	43200	1.9910019115746445E-21
865	43250	1.8974743485686786E-21
866	43300	1.8234550920740276E-21
867	43350	1.7821014907309936E-21
868	43400	1.6953149843031216E-21
869	43450	1.4852022217960883E-21
870	43500	1.4185712816752692E-21
871	43550	1.3742721438117364E-21
872	43600	1.2318877235930812E-21
873	43650	1.160017887412488E-21
874	43700	1.1459646062619928E-21
875	43750	1.0998402377763972E-21
876	43800	1.0452249526101443E-21
877	43850	9.740088005149164E-22
878	43900	8.933408164689112E-22
879	43950	8.530154918948691E-22
880	44000	8.248245285065806E-22
881	44050	8.195185568190242E-22
882	44100	7.836316488312689E-22
883	44150	7.262624073651005E-22
884	44200	6.652403385054255E-22
885	44250	5.475616862513456E-22
886	44300	5.088708795824185E-22
887	44350	5.033875234933988E-22
888	44400	4.891307052697397E-22
889	44450	4.694006922693229E-22
890	44500	4.607423002137833E-22
891	44550	4.273942592760639E-22
892	44600	4.1437635268402434E-22
893	44650	3.8871961930607204E-22
894	44700	3.423074372801775E-22
895	44750	3.1427153560410264E-22
896	44800	2.8082214081039893E-22
897	44850	2.6457915344241156E-22
898	44900	2.5948939876266037E-22
899	44950	2.3868460371119886E-22
900	45000	2.349166630683837E-22
901	45050	2.167217813788531E-22
902	45100	2.016689613967768E-22
903	45150	1.955179857120487E-22
904	45200	1.8554500313789704E-22
905	45250	1.7625800481253285E-22
906	45300	1.7243379049991922E-22
907	45350	1.5541742644845452E-22
908	45400	1.5025562050464105E-22
909	45450	1.4048115056440002E-22
910	45500	1.3066172730770534E-22
911	45550	1.2352749337740764E-22
912	45600	1.1540981175797834E-22
913	45650	1.0478648727456927E-22
914	45700	8.957495155459648E-23
915	45750	8.653757315395618E-23
916	45800	7.783794660281125E-23
917	45850	7.117610744582732E-23
918	45900	7.02698317697618E-23
919	45950	6.93501203891393E-23
920	46000	6.646242755026653E-23
921	46050	6.184687471624068E-23
922	46100	5.930790853484473E-23
923	46150	5.777884353950665E-23
924	46200	5.571317517770361E-23
925	46250	5.250918984536532E-23
926	46300	5.051117423075602E-23
927	46350	4.5250209755853765E-23
928	46400	4.4451659410740423E-23
929	46450	4.149829165553338E-23
930	46500	4.0570198345740513E-23
931	46550	3.9326710415531164E-23
932	46600	3.861519343880102E-23
933	46650	3.365506836472636E-23
934	46700	3.09758472837091E-23
935	46750	2.83338760375726E-23
936	46800	2.3907428277014918E-23
937	46850	2.3032666138518782E-23
938	46900	2.197972449555548E-23
939	46950	2.0914432873963555E-23
940	47000	1.9313571050982817E-23
941	47050	1.8258068831689007E-23
942	47100	1.7679644495322503E-23
943	47150	1.7006433842394157E-23
944	47200	1.5854719761306775E-23
945	47250	1.440098149946569E-23
946	47300	1.377262971756956E-23
947	47350	1.2351630652706027E-23
948	47400	1.2251384137708417E-23
949	47450	1.2077433541139413E-23
950	47500	1.0685229280859407E-23
951	47550	1.0278667312957983E-23
952	47600	9.501627981148961E-24
953	47650	8.303084721205872E-24
954	47700	8.110883494109326E-24
955	47750	7.639842636073535E-24
956	47800	6.859635042182836E-24
957	47850	6.714692359213996E-24
958	47900	6.3880006426135714E-24
959	47950	6.073345509956116E-24
960	48000	5.7460709771974306E-24
961	48050	5.60020775291417E-24
962	48100	5.1775076629179656E-24
963	48150	4.805706124054583E-24
964	48200	4.587008300662526E-24
965	48250	4.455314962859381E-24
966	48300	3.9589023494254645E-24
967	48350	3.2695164687436596E-24
968	48400	3.056556701090563E-24
969	48450	2.9208693233467077E-24
970	48500	2.8786887821552944E-24
971	48550	2.767984813445122E-24
972	48600	2.627446489386302E-24
973	48650	2.6096434202620214E-24
974	48700	2.4712273581270493E-24
975	48750	2.319693475742763E-24
976	48800	2.1606141975952143E-24
977	48850	2.1265263203019775E-24
978	48900	2.031696511760408E-24
979	48950	1.8169969361475905E-24
980	49000	1.6051455128881967E-24
981	49050	1.5287427502685182E-24
982	49100	1.5069767828115032E-24
983	49150	1.4916749683128515E-24
984	49200	1.3878742806883299E-24
985	49250	1.357256065507969E-24
986	49300	1.1508141971620493E-24
987	49350	1.14684476691478E-24
988	49400	1.1182415409708668E-24
989	49450	1.0867494310800959E-24
990	49500	8.1427663268863715E-25
991	49550	8.051466945427983E-25
992	49600	7.839485839437666E-25
993	49650	7.448367228258231E-25
994	49700	6.800680106306132E-25
995	49750	5.993857190215877E-25
996	49800	5.749407616816216E-25
997	49850	5.318288829744351E-25
998	49900	5.258709308428593E-25
999	49950	5.0652492511582975E-25
1000	50000	5.004897151377195E-25
1001	50050	4.633596508022413E-25
1002	50100	4.463068852048968E-25
1003	50150	3.9293890059500527E-25
1004	50200	3.6926933880257855E-25
1005	50250	3.437058604858164E-25
1006	50300	3.286576370270343E-25
1007	50350	3.099200545034333E-25
1008	50400	2.999924454722142E-25
1009	50450	2.9859813657815183E-25
1010	50500	2.7265107609450564E-25
1011	50550	2.589257237083015E-25
1012	50600	2.48917083901044E-25
1013	50650	2.451150177717797E-25
1014	50700	2.2782595563423344E-25
1015	50750	2.133932890592183E-25
1016	50800	2.0432218158396325E-25
1017	50850	1.9026542738594827E-25
1018	50900	1.7058576626778699E-25
1019	50950	1.542170808431721E-25
1020	51000	1.3655722033971691E-25
1021	51050	1.3019625070337119E-25
1022	51100	1.2752736277321438E-25
1023	51150	1.1686516875988976E-25
1024	51200	1.1237876994532027E-25
1025	51250	1.0103674152665446E-25
1026	51300	9.827157294872007E-26
1027	51350	9.612636298835624E-26
1028	51400	7.946239805574813E-26
1029	51450	6.556173637710812E-26
1030	51500	6.098572490482132E-26
1031	51550	5.550285848508222E-26
1032	51600	5.220042161922847E-26
1033	51650	5.022494324664517E-26
1034	51700	4.7110090094832776E-26
1035	51750	4.656382182555683E-26
1036	51800	4.32982106072569E-26
1037	51850	4.16601579808298E-26
1038	51900	3.991584731448493E-26
1039	51950	3.6831290077983594E-26
1040	52000	3.531159670190913E-26
1041	52050	3.4360347123078094E-26
1042	52100	3.097804328070147E-26
1043	52150	2.928664491498696E-26
1044	52200	2.81122919965807E-26
1045	52250	2.66601001360463E-26
1046	52300	2.4356111990400396E-26
1047	52350	2.169054098727084E-26
1048	52400	2.1211810140606113E-26
1049	52450	2.084469187348526E-26
1050	52500	1.922325681199599E-26
1051	52550	1.8683546725607168E-26
1052	52600	1.8374134998297036E-26
1053	52650	1.7508422924881316E-26
1054	52700	1.7424590045974935E-26
1055	52750	1.6308036324903365E-26
1056	52800	1.5359556805262843E-26
1057	52850	1.2878838846942113E-26
1058	52900	1.2492909032042583E-26
1059	52950	1.2291824575257055E-26
1060	53000	1.1895163367605595E-26
1061	53050	1.0331659965271921E-26
1062	53100	9.874431684913423E-27
1063	53150	8.97301354723786E-27
1064	53200	8.562586251344102E-27
1065	53250	8.333680428252647E-27
1066	53300	8.003930464488867E-27
1067	53350	7.489827016418427E-27
1068	53400	7.145704533313185E-27
1069	53450	6.252528868697096E-27
1070	53500	5.414158127370604E-27
1071	53550	5.13879839679877E-27
1072	53600	4.8042893421439395E-27
1073	53650	3.9680750519134016E-27
1074	53700	3.878825711589006E-27
1075	53750	3.622091157536679E-27
1076	53800	3.480003302257116E-27
1077	53850	3.4440833530013395E-27
1078	53900	3.1920580121483876E-27
1079	53950	3.0428713284775587E-27
1080	54000	2.8793502128787633E-27
1081	54050	2.849695415439479E-27
1082	54100	2.740252987726496E-27
1083	54150	2.0465474555738117E-27
1084	54200	1.881255276823134E-27
1085	54250	1.8584404791305118E-27
1086	54300	1.778328443648387E-27
1087	54350	1.7622123847008722E-27
1088	54400	1.7221438848024034E-27
1089	54450	1.640371000428545E-27
1090	54500	1.4736913066846338E-27
1091	54550	1.383470663730204E-27
1092	54600	1.2788354746202994E-27
1093	54650	1.211518642681497E-27
1094	54700	1.1846468185798591E-27
1095	54750	1.1326143535990773E-27
1096	54800	1.0870194826485252E-27
1097	54850	9.440423340279887E-28
1098	54900	8.927969727842671E-28
1099	54950	8.062661280353936E-28
1100	55000	7.486813215391055E-28
1101	55050	7.396223535593732E-28
1102	55100	7.162507795101553E-28
1103	55150	6.556322790382112E-28
1104	55200	6.3842761994244205E-28
1105	55250	5.415536570010387E-28
1106	55300	4.897988780779608E-28
1107	55350	4.585185068614936E-28
1108	55400	4.582000106411345E-28
1109	55450	4.229582964401558E-28
1110	55500	3.9824733960063386E-28
1111	55550	3.971882474371914E-28
1112	55600	3.743032626265466E-28
1113	55650	3.551428392729272E-28
1114	55700	3.4638396168076207E-28
1115	55750	3.301591251971085E-28
1116	55800	2.9824482539095743E-28
1117	55850	2.8918584196399038E-28
1118	55900	2.553787905750726E-28
1119	55950	2.1444777539171447E-28
1120	56000	2.087773492482805E-28
1121	56050	2.0689786530753604E-28
1122	56100	1.9668452092258642E-28
1123	56150	1.9205790570581794E-28
1124	56200	1.8775290362623175E-28
1125	56250	1.8398701885158868E-28
1126	56300	1.7347607064974597E-28
1127	56350	1.6740054123366555E-28
1128	56400	1.4963586496534053E-28
1129	56450	1.4456588503593525E-28
1130	56500	1.3869041152886821E-28
1131	56550	1.221101799151579E-28
1132	56600	1.1887460983990997E-28
1133	56650	1.1171409998321662E-28
1134	56700	1.1013373894382794E-28
1135	56750	9.22593305402299E-29
1136	56800	9.05623438030472E-29
1137	56850	8.569213585660956E-29
1138	56900	7.61933883327664E-29
1139	56950	7.400271409715292E-29
1140	57000	7.052186308061675E-29
1141	57050	6.804399132656223E-29
1142	57100	6.618132167108618E-29
1143	57150	6.415869508508539E-29
1144	57200	6.205316406860222E-29
1145	57250	5.852584047583839E-29
1146	57300	5.498282543705876E-29
1147	57350	5.066098436328612E-29
1148	57400	4.917936033343145E-29
1149	57450	4.498612214905023E-29
1150	57500	4.223724699230165E-29
1151	57550	3.6027521866686E-29
1152	57600	3.3374326901918493E-29
1153	57650	3.222201478441571E-29
1154	57700	3.0797802078343264E-29
1155	57750	2.9359760779316006E-29
1156	57800	2.688098035643829E-29
1157	57850	2.665205830910313E-29
1158	57900	2.4666066672378377E-29
1159	57950	2.25111706469933E-29
1160	58000	1.9145507940685216E-29
1161	58050	1.5379638712128855E-29
1162	58100	1.5173905526479192E-29
1163	58150	1.475164720830224E-29
1164	58200	1.433637669854228E-29
1165	58250	1.2113375411831725E-29
1166	58300	1.2055921142023251E-29
1167	58350	1.186833335861081E-29
1168	58400	1.1699449544358984E-29
1169	58450	1.1462996160721345E-29
1170	58500	1.0466383177280966E-29
1171	58550	1.0305709990399404E-29
1172	58600	1.0060492130776192E-29
1173	58650	9.853428501383893E-30
1174	58700	8.604707952611921E-30
1175	58750	8.075938135137482E-30
1176	58800	7.700922781158079E-30
1177	58850	7.655034059707661E-30
1178	58900	6.780573044151562E-30
1179	58950	6.625586160792491E-30
1180	59000	5.980430743757227E-30
1181	59050	5.444815007752876E-30
1182	59100	5.040860989892425E-30
1183	59150	4.612714040377158E-30
1184	59200	4.542881149421182E-30
1185	59250	4.377911216078618E-30
1186	59300	4.1936860586616565E-30
1187	59350	3.9548759792804795E-30
1188	59400	3.894593593541746E-30
1189	59450	3.72676947465642E-30
1190	59500	3.567730592355585E-30
1191	59550	3.368786587436894E-30
1192	59600	3.216171296303513E-30
1193	59650	3.0322620201142537E-30
1194	59700	2.527656636359588E-30
1195	59750	2.491456561990185E-30
1196	59800	2.211510721488481E-30
1197	59850	2.156407608893868E-30
1198	59900	2.025753623165741E-30
1199	59950	1.8579149978078336E-30
1200	60000	1.698763887921581E-30
1201	60050	1.5011317642607349E-30
1202	60100	1.4115427541178339E-30
1203	60150	1.2753073997584596E-30
1204	60200	1.1641405880317685E-30
1205	60250	1.1455169952098475E-30
1206	60300	1.125884135412597E-30
1207	60350	1.0519920440873287E-30
1208	60400	1.0268849648349839E-30
1209	60450	9.8485313756878E-31
1210	60500	9.223209023658466E-31
1211	60550	8.901554704968447E-31
1212	60600	7.2935774619050545E-31
1213	60650	7.09357165344702E-31
1214	60700	6.838872114073176E-31
1215	60750	6.60351320897912E-31
1216	60800	6.1956261102233194E-31
1217	60850	6.039463592576574E-31
1218	60900	5.289792848482142E-31
1219	60950	5.138097532860753E-31
1220	61000	5.003406326405647E-31
1221	61050	4.509785388641778E-31
1222	61100	3.980123413415368E-31
1223	61150	3.8006884309984762E-31
1224	61200	3.7963378845672064E-31
1225	61250	3.4912259027760094E-31
1226	61300	3.245323182361987E-31
1227	61350	3.026262070264307E-31
1228	61400	2.8826107116170165E-31
1229	61450	2.6978269491713613E-31
1230	61500	2.5031496490993694E-31
1231	61550	2.2472218718656257E-31
1232	61600	2.2422586295850525E-31
1233	61650	2.1228589274430566E-31
1234	61700	2.0353748534165904E-31
1235	61750	1.7596212732909653E-31
1236	61800	1.7420275125878035E-31
1237	61850	1.4176449854359995E-31
1238	61900	1.327554259687803E-31
1239	61950	1.302098722029936E-31
1240	62000	1.2227570081277863E-31
1241	62050	1.088681771061185E-31
1242	62100	1.0629170703937404E-31
1243	62150	1.0544388616758898E-31
1244	62200	1.0304487330837201E-31
1245	62250	9.422293987919107E-32
1246	62300	9.419223011241698E-32
1247	62350	9.24559840952061E-32
1248	62400	9.150261053556316E-32
1249	62450	8.020799782799091E-32
1250	62500	7.868562519210017E-32
1251	62550	7.551187923327412E-32
1252	62600	6.336308539255411E-32
1253	62650	5.097389572412609E-32
1254	62700	4.985851753357169E-32
1255	62750	4.904260998440708E-32
1256	62800	4.8426676587944545E-32
1257	62850	3.7252147621216473E-32
1258	62900	3.3730119854525167E-32
1259	62950	3.3522277113410333E-32
1260	63000	3.272642163766021E-32
1261	63050	3.244292959096289E-32
1262	63100	3.143168949004914E-32
1263	63150	3.097846074996803E-32
1264	63200	2.9618738105714705E-32
1265	63250	2.9407369055040887E-32
1266	63300	2.925674124525577E-32
1267	63350	2.590844339475275E-32
1268	63400	2.520624722812367E-32
1269	63450	2.4533042818322342E-32
1270	63500	2.1458174910260223E-32
1271	63550	1.8262763308870006E-32
1272	63600	1.8067306796022685E-32
1273	63650	1.7050192782498308E-32
1274	63700	1.5799261650861137E-32
1275	63750	1.5054814014497517E-32
1276	63800	1.4820540852057134E-32
1277	63850	1.4464361849516675E-32
1278	63900	1.4113522343723614E-32
1279	63950	1.3196896115190358E-32
1280	64000	1.1511919994066662E-32
1281	64050	1.089817137744195E-32
1282	64100	1.0847984778959416E-32
1283	64150	1.0372656281764464E-32
1284	64200	9.340799455316557E-33
1285	64250	8.706825322732867E-33
1286	64300	7.707821777218216E-33
1287	64350	6.534555231210252E-33
1288	64400	6.173916070606088E-33
1289	64450	5.8559419376568305E-33
1290	64500	5.721391088232178E-33
1291	64550	5.7040646755806975E-33
1292	64600	5.4163675311111274E-33
1293	64650	4.931286114553642E-33
1294	64700	4.777631556813428E-33
1295	64750	4.4411703604804965E-33
1296	64800	4.0782704723136635E-33
1297	64850	3.7332634306965325E-33
1298	64900	3.573629484976631E-33
1299	64950	3.450318167725986E-33
1300	65000	3.111101707402298E-33
1301	65050	3.085896865628466E-33
1302	65100	2.9673209135111755E-33
1303	65150	2.7706545288062933E-33
1304	65200	2.6937327844505387E-33
1305	65250	2.5264419272551892E-33
1306	65300	2.456732972800801E-33
1307	65350	2.2113447291229442E-33
1308	65400	2.0803611439799776E-33
1309	65450	1.9497334214636118E-33
1310	65500	1.7388386404734234E-33
1311	65550	1.6086745681138186E-33
1312	65600	1.5715602953825214E-33
1313	65650	1.3090418930343661E-33
1314	65700	1.2568367577078203E-33
1315	65750	1.1343262907682724E-33
1316	65800	1.0760816219956528E-33
1317	65850	9.147756360006768E-34
1318	65900	8.271458730580069E-34
1319	65950	7.957967930832299E-34
1320	66000	7.840712710773965E-34
1321	66050	7.728248759816972E-34
1322	66100	7.368013508215012E-34
1323	66150	7.25565318793916E-34
1324	66200	6.453381984355508E-34
1325	66250	6.2427134808268105E-34
1326	66300	6.0737108629208305E-34
1327	66350	6.059160687015986E-34
1328	66400	5.677899005368988E-34
1329	66450	5.5397904154718386E-34
1330	66500	5.1111716355308235E-34
1331	66550	5.0722599858304E-34
1332	66600	4.657382787710857E-34
1333	66650	4.564229175897232E-34
1334	66700	3.592969167373216E-34
1335	66750	3.4055146648769775E-34
1336	66800	3.3142852287017146E-34
1337	66850	3.1242561177216044E-34
1338	66900	2.992558876239813E-34
1339	66950	2.898560532942298E-34
1340	67000	2.7590645255947813E-34
1341	67050	2.362424097285203E-34
1342	67100	2.282104474281461E-34
1343	67150	1.975609334494517E-34
1344	67200	1.8726766970198587E-34
1345	67250	1.7211964835951607E-34
1346	67300	1.6346469341779475E-34
1347	67350	1.5931611228746266E-34
1348	67400	1.4308139863645138E-34
1349	67450	1.3648839997618492E-34
1350	67500	1.293454076170692E-34
1351	67550	1.2628290811505335E-34
1352	67600	1.2093533335287507E-34
1353	67650	1.1470798905559963E-34
1354	67700	1.0926343794112134E-34
1355	67750	1.0058518197087016E-34
1356	67800	9.487822472918593E-35
1357	67850	9.157386316101131E-35
1358	67900	8.349826098004772E-35
1359	67950	6.983884868207598E-35
1360	68000	6.848883523866334E-35
1361	68050	6.313596409771872E-35
1362	68100	5.804234920548157E-35
1363	68150	5.578106219577506E-35
1364	68200	4.704213593224096E-35
1365	68250	4.615643903374755E-35
1366	68300	4.278395566154442E-35
1367	68350	4.119310190300319E-35
1368	68400	4.026964496566846E-35
1369	68450	3.505817421434613E-35
1370	68500	3.098895490158465E-35
1371	68550	3.004455877868676E-35
1372	68600	2.7704639959579336E-35
1373	68650	2.5019658593708924E-35
1374	68700	2.3566451234536812E-35
1375	68750	2.2883996725621613E-35
1376	68800	2.2636053432131735E-35
1377	68850	2.0787100797819087E-35
1378	68900	2.0074826310420907E-35
1379	68950	1.9595960057147311E-35
1380	69000	1.883416340981352E-35
1381	69050	1.731308413277169E-35
1382	69100	1.6460331298285811E-35
1383	69150	1.315911369754769E-35
1384	69200	1.3083009132025654E-35
1385	69250	1.263266154435106E-35
1386	69300	1.2164831130964568E-35
1387	69350	1.1603479164075023E-35
1388	69400	1.0398334973056671E-35
1389	69450	1.0170397674959508E-35
1390	69500	9.693401089367404E-36
1391	69550	9.544208150428298E-36
1392	69600	9.073033124921524E-36
1393	69650	8.831051667815532E-36
1394	69700	7.752302661316894E-36
1395	69750	7.487421371128899E-36
1396	69800	7.055327841860991E-36
1397	69850	6.792370752893086E-36
1398	69900	6.770710378867611E-36
1399	69950	5.9810760656672296E-36
1400	70000	5.829826459876852E-36
1401	70050	5.6675199640738506E-36
1402	70100	5.2719863516870753E-36
1403	70150	4.779975138282249E-36
1404	70200	4.710000401361862E-36
1405	70250	4.2351534514144684E-36
1406	70300	4.013309484753154E-36
1407	70350	3.525749761150868E-36
1408	70400	3.411682284727729E-36
1409	70450	3.354708981728372E-36
1410	70500	2.7687490256076024E-36
1411	70550	2.6314790249347028E-36
1412	70600	2.4286203370925837E-36
1413	70650	2.407918931938402E-36
1414	70700	2.1965105316256333E-36
1415	70750	2.121474347061717E-36
1416	70800	2.0926080614010448E-36
1417	70850	1.958630724417903E-36
1418	70900	1.938231658986919E-36
1419	70950	1.773857940138283E-36
1420	71000	1.566442970704993E-36
1421	71050	1.5436613640111676E-36
1422	71100	1.4939756321188037E-36
1423	71150	1.3993183285566406E-36
1424	71200	1.267090900014872E-36
1425	71250	1.2060153880373435E-36
1426	71300	1.1834778335548151E-36
1427	71350	1.078305487031085E-36
1428	71400	1.0281695611025257E-36
1429	71450	9.466714687790239E-37
1430	71500	9.298815769386863E-37
1431	71550	8.647388029726507E-37
1432	71600	8.342446527627626E-37
1433	71650	7.508207328045039E-37
1434	71700	7.294740772899688E-37
1435	71750	5.340605298284984E-37
1436	71800	5.2473995007166085E-37
1437	71850	4.804983865819354E-37
1438	71900	4.794047423403941E-37
1439	71950	4.271680547130618E-37
1440	72000	4.2178808028699486E-37
1441	72050	4.142334662805868E-37
1442	72100	3.9777022946902466E-37
1443	72150	3.792997307449297E-37
1444	72200	3.6340460198236207E-37
1445	72250	3.5262536657088394E-37
1446	72300	2.8789168560599885E-37
1447	72350	2.8097583641501934E-37
1448	72400	2.5229651968938834E-37
1449	72450	2.2727984033020255E-37
1450	72500	2.1791887602981327E-37
1451	72550	1.8180347795041264E-37
1452	72600	1.7790005264838616E-37
1453	72650	1.7194994760781472E-37
1454	72700	1.6363948445669195E-37
1455	72750	1.5428419339640707E-37
1456	72800	1.4850593459004574E-37
1457	72850	1.2934953018612773E-37
1458	72900	1.259874092327319E-37
1459	72950	1.259874092327319E-37
1460	73000	1.2345807441460086E-37
1461	73050	1.219740374512051E-37
1462	73100	1.1525784725453439E-37
1463	73150	1.0571344457073091E-37
1464	73200	1.0215316199038462E-37
1465	73250	9.764332343234955E-38
1466	73300	9.414660464313553E-38
1467	73350	8.768514708447164E-38
1468	73400	7.695539067933645E-38
1469	73450	7.141684275391552E-38
1470	73500	6.806459081941891E-38
1471	73550	6.743842525766359E-38
1472	73600	5.293609790190027E-38
1473	73650	5.247790422865528E-38
1474	73700	4.989205746323383E-38
1475	73750	4.984978974003517E-38
1476	73800	4.243653267284749E-38
1477	73850	4.095180830892086E-38
1478	73900	3.965967703737222E-38
1479	73950	3.86221403023255E-38
1480	74000	3.534218028455425E-38
1481	74050	3.456225433588657E-38
1482	74100	3.2575094260649845E-38
1483	74150	3.197296643646361E-38
1484	74200	3.021551217844399E-38
1485	74250	2.9966076868095063E-38
1486	74300	2.489293021355097E-38
1487	74350	2.385518598402015E-38
1488	74400	2.322519462962064E-38
1489	74450	2.304017253284906E-38
1490	74500	2.122891768634594E-38
1491	74550	1.8143837643839116E-38
1492	74600	1.5564795917876987E-38
1493	74650	1.4853646152427342E-38
1494	74700	1.2434088172267593E-38
1495	74750	1.2107688844671733E-38
1496	74800	1.135627025254146E-38
1497	74850	1.0608301165409221E-38
1498	74900	9.957821334049319E-39
1499	74950	9.136343040319226E-39
1500	75000	9.074074997519337E-39
1501	75050	8.684693343369423E-39
1502	75100	7.805245069337044E-39
1503	75150	6.346043502856918E-39
1504	75200	6.042417927653547E-39
1505	75250	5.990691533905318E-39
1506	75300	5.4430447163706005E-39
1507	75350	5.4089439332234414E-39
1508	75400	5.300423879506881E-39
1509	75450	5.278241138964679E-39
1510	75500	4.7575758580278166E-39
1511	75550	4.522992068660148E-39
1512	75600	4.3930884847741603E-39
1513	75650	4.135987527078211E-39
1514	75700	3.953047265849896E-39
1515	75750	3.872492767889081E-39
1516	75800	3.7765666692171626E-39
1517	75850	3.5677897061489416E-39
1518	75900	3.426004227168475E-39
1519	75950	2.8910887435693415E-39
1520	76000	2.6645021659774565E-39
1521	76050	2.6174325744543464E-39
1522	76100	2.2889741446326485E-39
1523	76150	2.273114654082655E-39
1524	76200	2.173345893269711E-39
1525	76250	2.039511504546521E-39
1526	76300	2.0010316574468768E-39
1527	76350	1.6279413773921265E-39
1528	76400	1.535402016077854E-39
1529	76450	1.3814123010709338E-39
1530	76500	1.3324385582394253E-39
1531	76550	1.3009784143905755E-39
1532	76600	1.263078000226807E-39
1533	76650	1.250128121366329E-39
1534	76700	1.0652566612919904E-39
1535	76750	1.0045118967184843E-39
1536	76800	9.622523987705905E-40
1537	76850	9.189531927156536E-40
1538	76900	8.538681585693328E-40
1539	76950	8.017602975146415E-40
1540	77000	7.339019570474823E-40
1541	77050	7.071255444868894E-40
1542	77100	6.986118709595984E-40
1543	77150	6.489347514854385E-40
1544	77200	6.252225981226895E-40
1545	77250	5.53967519944527E-40
1546	77300	5.3377878157895505E-40
1547	77350	5.082396211050868E-40
1548	77400	4.7340006062383176E-40
1549	77450	4.661105623727648E-40
1550	77500	4.07465629231405E-40
1551	77550	3.6404498273144967E-40
1552	77600	3.5833032445656164E-40
1553	77650	3.552329277034892E-40
1554	77700	3.4730673497509304E-40
1555	77750	3.2541310783385427E-40
1556	77800	3.1168853001752663E-40
1557	77850	2.7917657022905605E-40
1558	77900	2.5100367415249147E-40
1559	77950	2.3963137071614515E-40
1560	78000	2.2826313798145307E-40
1561	78050	2.2390082829715088E-40
1562	78100	2.097274543341836E-40
1563	78150	1.9863134144804295E-40
1564	78200	1.795069440713417E-40
1565	78250	1.7588622516903207E-40
1566	78300	1.6712379619666138E-40
1567	78350	1.5972232905871038E-40
1568	78400	1.5570475424971944E-40
1569	78450	1.5567705048019155E-40
1570	78500	1.3686034487603725E-40
1571	78550	1.3484829326009702E-40
1572	78600	1.270942169272542E-40
1573	78650	1.1551230474626257E-40
1574	78700	1.0529253030403315E-40
1575	78750	1.0119575365252148E-40
1576	78800	9.638915980775873E-41
1577	78850	9.340110459608223E-41
1578	78900	8.582855914747428E-41
1579	78950	8.458141435547064E-41
1580	79000	8.38777235928927E-41
1581	79050	7.15210664667546E-41
1582	79100	6.577984823942821E-41
1583	79150	5.606553957741559E-41
1584	79200	5.530550821522424E-41
1585	79250	5.42992520613941E-41
1586	79300	4.979364499807495E-41
1587	79350	4.5351833240637483E-41
1588	79400	4.3674615652194836E-41
1589	79450	3.699990026779093E-41
1590	79500	3.39608062887288E-41
1591	79550	3.162302543546985E-41
1592	79600	2.9510825705047014E-41
1593	79650	2.815891253204575E-41
1594	79700	2.7625300653424606E-41
1595	79750	2.4531259350679726E-41
1596	79800	2.318019135319948E-41
1597	79850	2.261682578273886E-41
1598	79900	2.2507702724399381E-41
1599	79950	2.2233155207188215E-41
1600	80000	2.1374864571713455E-41
1601	80050	2.0905209958171526E-41
1602	80100	1.9491752535651007E-41
1603	80150	1.709639327341818E-41
1604	80200	1.552388984470806E-41
1605	80250	1.525681626020775E-41
1606	80300	1.5122258235474353E-41
1607	80350	1.451747991052785E-41
1608	80400	1.429623451293395E-41
1609	80450	1.2620042306752315E-41
1610	80500	1.2500012013622422E-41
1611	80550	1.2047499017833394E-41
1612	80600	1.1783202708739988E-41
1613	80650	1.08093868580544E-41
1614	80700	1.0079787840940051E-41
1615	80750	9.03843951163672E-42
1616	80800	7.315711493226035E-42
1617	80850	6.974513773931007E-42
1618	80900	5.940409482987929E-42
1619	80950	5.863989968042505E-42
1620	81000	5.357202543006782E-42
1621	81050	5.194157565245057E-42
1622	81100	4.999717348073665E-42
1623	81150	4.811171349420748E-42
1624	81200	4.459319585387823E-42
1625	81250	4.015374539571218E-42
1626	81300	3.8117521119438624E-42
1627	81350	3.507250644156332E-42
1628	81400	3.348096721531179E-42
1629	81450	3.2952497028765194E-42
1630	81500	3.074136215332931E-42
1631	81550	2.981912330084436E-42
1632	81600	2.64609380813465E-42
1633	81650	2.6278173713809852E-42
1634	81700	2.403494941865671E-42
1635	81750	2.2002116593517866E-42
1636	81800	2.013970173922377E-42
1637	81850	1.8184203319589113E-42
1638	81900	1.7222233034913915E-42
1639	81950	1.568763081890822E-42
1640	82000	1.4402233373212864E-42
1641	82050	1.3580869134896366E-42
1642	82100	1.241951393859928E-42
1643	82150	1.2139328069915288E-42
1644	82200	1.1739034267582273E-42
1645	82250	1.120698986611589E-42
1646	82300	1.0279848489946942E-42
1647	82350	9.595905699897076E-43
1648	82400	9.539188031147692E-43
1649	82450	8.479929714793143E-43
1650	82500	8.01646963810215E-43
1651	82550	7.67459127327227E-43
1652	82600	7.424919257497931E-43
1653	82650	7.3657543439704E-43
1654	82700	6.8943023267400486E-43
1655	82750	6.624555897253426E-43
1656	82800	6.0151342680938145E-43
1657	82850	5.537278782808033E-43
1658	82900	5.432125458571909E-43
1659	82950	4.861905267628851E-43
1660	83000	4.808529202682001E-43
1661	83050	4.384859376481832E-43
1662	83100	4.155116910902228E-43
1663	83150	3.809959894411752E-43
1664	83200	3.4320587911650955E-43
1665	83250	3.261358388827589E-43
1666	83300	3.1008416968021834E-43
1667	83350	2.9334485799555823E-43
1668	83400	2.820696145328366E-43
1669	83450	2.6116977658511515E-43
1670	83500	2.4241219918632805E-43
1671	83550	2.2639706925327595E-43
1672	83600	2.030807961702953E-43
1673	83650	1.9962209253337065E-43
1674	83700	1.9809392219985445E-43
1675	83750	1.753068113561269E-43
1676	83800	1.6031877368772934E-43
1677	83850	1.5419581524603316E-43
1678	83900	1.4779054102221294E-43
1679	83950	1.3894790600602963E-43
1680	84000	1.3856447129061417E-43
1681	84050	1.2722126387153756E-43
1682	84100	1.2310184201917848E-43
1683	84150	1.1999766606830293E-43
1684	84200	1.1398956068951132E-43
1685	84250	1.1335437465266093E-43
1686	84300	9.922889367171036E-44
1687	84350	9.9012982598764E-44
1688	84400	9.853172037784368E-44
1689	84450	8.940889250929128E-44
1690	84500	7.705552781246372E-44
1691	84550	7.411094151446929E-44
1692	84600	7.038336208860122E-44
1693	84650	6.402582574764837E-44
1694	84700	5.917086426112752E-44
1695	84750	5.416431272449792E-44
1696	84800	4.823035306985484E-44
1697	84850	4.632752690832404E-44
1698	84900	4.442536091167159E-44
1699	84950	4.198951824336462E-44
1700	85000	4.1353627975768916E-44
1701	85050	4.0059754296989895E-44
1702	85100	3.434901264927107E-44
1703	85150	3.2953860990780843E-44
1704	85200	3.064146130132412E-44
1705	85250	2.887418238316148E-44
1706	85300	2.5791750433003424E-44
1707	85350	2.427234224559751E-44
1708	85400	2.20862727963575E-44
1709	85450	1.9582239000143903E-44
1710	85500	1.9153624385735054E-44
1711	85550	1.816207396142743E-44
1712	85600	1.7884820991693886E-44
1713	85650	1.7544970453336173E-44
1714	85700	1.613806524036781E-44
1715	85750	1.4980269034652358E-44
1716	85800	1.3669360149493988E-44
1717	85850	1.3360957921400187E-44
1718	85900	1.290444778442997E-44
1719	85950	1.1989473522948024E-44
1720	86000	1.116541837254467E-44
1721	86050	1.043367906990221E-44
1722	86100	9.993332845284823E-45
1723	86150	9.686918645791087E-45
1724	86200	9.225668806994983E-45
1725	86250	8.936472283346165E-45
1726	86300	8.548426987331226E-45
1727	86350	8.10853916903741E-45
1728	86400	7.382857246384739E-45
1729	86450	7.213508436155373E-45
1730	86500	6.938519759581365E-45
1731	86550	6.351953283310216E-45
1732	86600	5.5217945399655495E-45
1733	86650	5.022942839956555E-45
1734	86700	4.704053374993392E-45
1735	86750	4.2947935191292044E-45
1736	86800	4.188368969297853E-45
1737	86850	4.0388146979020644E-45
1738	86900	4.0004233030719144E-45
1739	86950	3.9439267455227486E-45
1740	87000	3.499450896949531E-45
1741	87050	3.178065488264345E-45
1742	87100	2.9292091374004294E-45
1743	87150	2.6969035297166822E-45
1744	87200	2.5864015777277806E-45
1745	87250	2.462768122238256E-45
1746	87300	2.3115021624012434E-45
1747	87350	2.2041290675635305E-45
1748	87400	1.8872862102177713E-45
1749	87450	1.569581144317547E-45
1750	87500	1.5278699521073256E-45
1751	87550	1.5087289053369004E-45
1752	87600	1.389328465458378E-45
1753	87650	1.2980745859848295E-45
1754	87700	1.2810707475009059E-45
1755	87750	1.2420824826428285E-45
1756	87800	1.137200562365254E-45
1757	87850	1.118081478238331E-45
1758	87900	9.913996373882375E-46
1759	87950	9.068579195193335E-46
1760	88000	8.637680748791812E-46
1761	88050	7.878223461692542E-46
1762	88100	7.008775313838699E-46
1763	88150	6.840746441156979E-46
1764	88200	6.308179181775496E-46
1765	88250	5.668011686580038E-46
1766	88300	5.3299658906602224E-46
1767	88350	4.844667234156419E-46
1768	88400	4.752195322195381E-46
1769	88450	4.2246754868996945E-46
1770	88500	4.123464285518882E-46
1771	88550	3.775625066656122E-46
1772	88600	3.756348994811914E-46
1773	88650	3.732286428040824E-46
1774	88700	3.2604366832046703E-46
1775	88750	2.9959881807854878E-46
1776	88800	2.7317573421015066E-46
1777	88850	2.7271385537571164E-46
1778	88900	2.558251829331678E-46
1779	88950	2.494772576271936E-46
1780	89000	2.328728034612337E-46
1781	89050	2.238817296860643E-46
1782	89100	2.1729544509678656E-46
1783	89150	2.008622835249289E-46
1784	89200	1.8677727865710356E-46
1785	89250	1.7566903072510328E-46
1786	89300	1.6816913840981382E-46
1787	89350	1.5807513671499256E-46
1788	89400	1.50268567131761E-46
1789	89450	1.3958759620892487E-46
1790	89500	1.3125425367311197E-46
1791	89550	1.2419451774026496E-46
1792	89600	1.1466767287990229E-46
1793	89650	1.0576836526952128E-46
1794	89700	9.159070679443207E-47
1795	89750	9.103068802078318E-47
1796	89800	8.623317720501007E-47
1797	89850	7.537632015180233E-47
1798	89900	7.121144955776809E-47
1799	89950	6.786077684931417E-47
1800	90000	6.422468485537518E-47
1801	90050	6.249759782325184E-47
1802	90100	6.107663491705337E-47
1803	90150	5.9417835254764E-47
1804	90200	5.764149607047132E-47
1805	90250	5.633166586592655E-47
1806	90300	4.811329468354301E-47
1807	90350	4.622180523435565E-47
1808	90400	4.579912846792256E-47
1809	90450	4.360910672705447E-47
1810	90500	3.9997420783620956E-47
1811	90550	3.6477496988117883E-47
1812	90600	3.4885148754408555E-47
1813	90650	3.467277644597664E-47
1814	90700	3.1579411599704757E-47
1815	90750	3.0305085198550144E-47
1816	90800	2.920085883013689E-47
1817	90850	2.8361197869552355E-47
1818	90900	2.5221997352741113E-47
1819	90950	2.320420209677889E-47
1820	91000	2.316002211352772E-47
1821	91050	2.178283715490099E-47
1822	91100	2.0333707213639722E-47
1823	91150	1.9265523811196352E-47
1824	91200	1.9255653231025542E-47
1825	91250	1.819641465889639E-47
1826	91300	1.7621594868124018E-47
1827	91350	1.5042018792033148E-47
1828	91400	1.414363439587524E-47
1829	91450	1.2208287088573777E-47
1830	91500	1.0350854809859891E-47
1831	91550	1.0000447972358891E-47
1832	91600	9.406869249929567E-48
1833	91650	8.349414646431655E-48
1834	91700	7.707650712131902E-48
1835	91750	7.643989978624713E-48
1836	91800	7.07861039871185E-48
1837	91850	6.707268762438162E-48
1838	91900	6.215395946921913E-48
1839	91950	5.487251209703214E-48
1840	92000	5.348721302204185E-48
1841	92050	5.027169342216598E-48
1842	92100	4.571750676220356E-48
1843	92150	4.4475665767707435E-48
1844	92200	4.2050919745936936E-48
1845	92250	3.9597239528642246E-48
1846	92300	3.917413168542612E-48
1847	92350	3.566237366232631E-48
1848	92400	3.423650412794199E-48
1849	92450	2.955638477464021E-48
1850	92500	2.860266831412908E-48
1851	92550	2.74317309203889E-48
1852	92600	2.6817695291551985E-48
1853	92650	2.4278900057857713E-48
1854	92700	2.4107184064939844E-48
1855	92750	2.2331027367684925E-48
1856	92800	2.1995334485262587E-48
1857	92850	2.1577058275735807E-48
1858	92900	1.8186658069356644E-48
1859	92950	1.7615158577805297E-48
1860	93000	1.6340178722912158E-48
1861	93050	1.5811167002794388E-48
1862	93100	1.5265259590729557E-48
1863	93150	1.3923218618247864E-48
1864	93200	1.3055529131723626E-48
1865	93250	1.2082964661992429E-48
1866	93300	1.1442824792757744E-48
1867	93350	1.0801988013626442E-48
1868	93400	1.0470631715543544E-48
1869	93450	9.646176470603319E-49
1870	93500	8.855842642012439E-49
1871	93550	7.16907313002898E-49
1872	93600	6.999492694482048E-49
1873	93650	6.7662707125039736E-49
1874	93700	6.4698000871818E-49
1875	93750	6.296527235665438E-49
1876	93800	6.138511723951924E-49
1877	93850	5.1542952903701275E-49
1878	93900	4.825212656275595E-49
1879	93950	4.740401477383735E-49
1880	94000	4.723167952307923E-49
1881	94050	4.6396989939707476E-49
1882	94100	4.112249093826664E-49
1883	94150	3.898712771034365E-49
1884	94200	3.748180296318921E-49
1885	94250	3.675046192938813E-49
1886	94300	3.480510827680985E-49
1887	94350	3.3814334958648602E-49
1888	94400	2.9233326833618686E-49
1889	94450	2.7600140511944355E-49
1890	94500	2.698863797490984E-49
1891	94550	2.4277999076284447E-49
1892	94600	2.259329429876376E-49
1893	94650	2.090241642360257E-49
1894	94700	1.9810871622569523E-49
1895	94750	1.9356848874950393E-49
1896	94800	1.704443788651727E-49
1897	94850	1.6176222818986274E-49
1898	94900	1.5828384725297681E-49
1899	94950	1.293170488122941E-49
1900	95000	1.158575641947939E-49
1901	95050	1.0162814500246329E-49
1902	95100	9.826237704345197E-50
1903	95150	9.570297533128047E-50
1904	95200	8.837114615451567E-50
1905	95250	8.516300650509074E-50
1906	95300	7.856234793422857E-50
1907	95350	7.560646648459857E-50
1908	95400	6.812729401397396E-50
1909	95450	6.735147648344044E-50
1910	95500	6.312482813656279E-50
1911	95550	5.9860420398712205E-50
1912	95600	5.559021332992425E-50
1913	95650	5.437450596700009E-50
1914	95700	5.212531519995135E-50
1915	95750	4.724281420622055E-50
1916	95800	4.491252852304683E-50
1917	95850	4.338875102034604E-50
1918	95900	4.306800315184999E-50
1919	95950	4.036695133697923E-50
1920	96000	3.8706300118645053E-50
1921	96050	3.8066099534380423E-50
1922	96100	3.6735658257721263E-50
1923	96150	3.3114067821620318E-50
1924	96200	3.167323349115672E-50
1925	96250	3.113990516569973E-50
1926	96300	2.710799922599218E-50
1927	96350	2.6724138534820263E-50
1928	96400	2.640186300912946E-50
1929	96450	2.415985230522474E-50
1930	96500	1.803143639997774E-50
1931	96550	1.7876001087492283E-50
1932	96600	1.643797320212762E-50
1933	96650	1.5415314758355298E-50
1934	96700	1.4536060199515653E-50
1935	96750	1.3860801103110228E-50
1936	96800	1.2611820950973405E-50
1937	96850	1.2561654926986638E-50
1938	96900	1.0776533840823528E-50
1939	96950	8.704203706528166E-51
1940	97000	8.074701339633714E-51
1941	97050	7.93926695425719E-51
1942	97100	7.692038067737995E-51
1943	97150	7.57802389250383E-51
1944	97200	7.476106519402716E-51
1945	97250	7.288136891348348E-51
1946	97300	6.454074288219964E-51
1947	97350	6.135551538265593E-51
1948	97400	5.951308455856754E-51
1949	97450	5.816195390235781E-51
1950	97500	5.696222785427209E-51
1951	97550	5.2942666816825365E-51
1952	97600	5.246286135728087E-51
1953	97650	4.5929443088199495E-51
1954	97700	4.299120656969782E-51
1955	97750	4.149506493716399E-51
1956	97800	4.0405365638726216E-51
1957	97850	3.7627811472722946E-51
1958	97900	3.4932037947749743E-51
1959	97950	2.8104120029591357E-51
1960	98000	2.6858476799765433E-51
1961	98050	2.5178185524294394E-51
1962	98100	2.2625833126141122E-51
1963	98150	2.221980441847727E-51
1964	98200	2.1730783865709786E-51
1965	98250	2.1226992906994452E-51
1966	98300	1.9253075350120457E-51
1967	98350	1.8588690303809986E-51
1968	98400	1.8315366729905563E-51
1969	98450	1.6699156318977543E-51
1970	98500	1.616941026063354E-51
1971	98550	1.2848960454364638E-51
1972	98600	1.2644581608068884E-51
1973	98650	1.1320233539084821E-51
1974	98700	1.0933241358369133E-51
1975	98750	9.782981367907519E-52
1976	98800	9.321544277527274E-52
1977	98850	8.288239453549473E-52
1978	98900	7.83676211259709E-52
1979	98950	7.417859546834586E-52
1980	99000	7.335416247146201E-52
1981	99050	6.935998938977303E-52
1982	99100	6.1950107549155555E-52
1983	99150	5.842973200258663E-52
1984	99200	5.3565120714269296E-52
1985	99250	5.205035479709388E-52
1986	99300	5.084040554165453E-52
1987	99350	4.505882131072117E-52
1988	99400	4.351639759244976E-52
1989	99450	4.173862976272131E-52
1990	99500	4.09769680063215E-52
1991	99550	4.021391712482572E-52
1992	99600	3.6931738897661085E-52
1993	99650	3.6639615245432875E-52
1994	99700	3.0099297195674755E-52
1995	99750	2.7821569411054965E-52
1996	99800	2.7485762730875366E-52
1997	99850	2.661645274402901E-52
1998	99900	2.65483211456648E-52
1999	99950	2.4655202991777522E-52
2000	100000	2.2620201743944744E-52
