1	50	523.589635909183
2	100	453.09274903403866
3	150	373.6483794344975
4	200	350.75495002276983
5	250	297.1904947885308
6	300	275.9873635220656
7	350	255.34422092743267
8	400	222.25814672932273
9	450	195.60573940039663
10	500	185.63637615540244
11	550	169.7689652021902
12	600	151.44171751559537
13	650	143.98755504209623
14	700	125.99794784639721
15	750	111.84092125575837
16	800	102.79751388897873
17	850	93.74674159240632
18	900	89.95694484893636
19	950	86.70804772316838
20	1000	79.74601131155843
21	1050	73.89599126384361
22	1100	69.66619112128483
23	1150	67.43609420163125
24	1200	62.92628281638174
25	1250	61.179098094245866
26	1300	58.235912666238335
27	1350	53.4062784638091
28	1400	49.39525150636071
29	1450	45.149441499055754
30	1500	43.81219870667617
31	1550	42.01969575917713
32	1600	40.157662760238
33	1650	39.2029484754154
34	1700	36.80112624428047
35	1750	36.41617794969031
36	1800	35.9122261240803
37	1850	34.58353664857684
38	1900	31.690270131472857
39	1950	31.33931396841128
40	2000	30.63294538410627
41	2050	30.093173032969027
42	2100	29.77577069858689
43	2150	28.90212401999627
44	2200	28.439546116305053
45	2250	27.067069778210758
46	2300	26.60307105172071
47	2350	26.160627289520896
48	2400	25.37671810008637
49	2450	24.160928961373873
50	2500	22.73192007205373
51	2550	21.783972124932948
52	2600	21.427215360299524
53	2650	20.769081885298032
54	2700	19.800947421790074
55	2750	18.718471339674615
56	2800	17.887922578772557
57	2850	17.594088306920252
58	2900	17.583829821592385
59	2950	16.9464487114947
60	3000	16.8328515664821
61	3050	14.996738886352569
62	3100	14.322588589400663
63	3150	14.098464317720296
64	3200	13.694401421476504
65	3250	13.506774970408383
66	3300	12.55504080990093
67	3350	12.33979519157952
68	3400	12.218871959596244
69	3450	11.464545991181945
70	3500	11.25686378457638
71	3550	11.240245661888995
72	3600	11.12690005763097
73	3650	11.004534472483682
74	3700	10.5760126281609
75	3750	10.543373565648402
76	3800	9.972606507390147
77	3850	9.930305115989192
78	3900	9.735134520870844
79	3950	9.68484460071671
80	4000	9.683270168368201
81	4050	9.33457465283396
82	4100	8.993175013142707
83	4150	8.742185725647136
84	4200	8.377623763598793
85	4250	7.813637543311801
86	4300	7.762294712464443
87	4350	7.717180053393612
88	4400	7.377390674518514
89	4450	7.344962812518008
90	4500	7.149339211500751
91	4550	7.080571238235696
92	4600	7.044454260984553
93	4650	6.961546815629406
94	4700	6.614161617961787
95	4750	6.519888391857178
96	4800	6.504592796509078
97	4850	6.422828091401724
98	4900	6.422828091401724
99	4950	6.327378352234665
100	5000	6.241322541775164
101	5050	6.161369673840328
102	5100	6.161369673840328
103	5150	6.124595927286559
104	5200	6.018919119581019
105	5250	5.202597163827836
106	5300	5.017226687955438
107	5350	4.897357789337229
108	5400	4.828266653028609
109	5450	4.763283495513959
110	5500	4.763283495513959
111	5550	4.715686794114921
112	5600	4.5569293479126065
113	5650	4.505583502681286
114	5700	4.385479567592375
115	5750	4.140967188182179
116	5800	3.893683548243911
117	5850	3.8736320274057072
118	5900	3.7660722173055987
119	5950	3.718286093032436
120	6000	3.620062007074958
121	6050	3.6191047537769285
122	6100	3.542353717794834
123	6150	3.480930722563479
124	6200	3.4623146140849306
125	6250	3.4259170395598395
126	6300	3.4259170395598395
127	6350	3.150214965249489
128	6400	3.0975328171843253
129	6450	3.068105210529679
130	6500	3.0146065133073536
131	6550	2.9163304325283717
132	6600	2.8024157720521194
133	6650	2.654558435960439
134	6700	2.645027468352836
135	6750	2.635468718647423
136	6800	2.635468718647423
137	6850	2.607711253316176
138	6900	2.5612377561324444
139	6950	2.524119653329464
140	7000	2.5207151895732958
141	7050	2.4867705411689878
142	7100	2.481828033291543
143	7150	2.433626542464699
144	7200	2.4299765253268175
145	7250	2.3133122795984358
146	7300	2.3056804628631955
147	7350	2.260737818633978
148	7400	2.2158486809041276
149	7450	2.0679955308716864
150	7500	2.026575015608145
151	7550	2.026575015608145
152	7600	1.9800121665335109
153	7650	1.7842385568247252
154	7700	1.7750151967815284
155	7750	1.7521150402323087
156	7800	1.6872643362903836
157	7850	1.607716374911434
158	7900	1.5934632571381473
159	7950	1.5932658002826423
160	8000	1.5771783990210042
161	8050	1.560315163714955
162	8100	1.5108422877869998
163	8150	1.5105642197196176
164	8200	1.4804340930581703
165	8250	1.4161368486059527
166	8300	1.4114362993953051
167	8350	1.3950162125987562
168	8400	1.389250612199414
169	8450	1.3736912710537856
170	8500	1.3573516068584122
171	8550	1.3377171816988025
172	8600	1.286743357698666
173	8650	1.286743357698666
174	8700	1.282677862645432
175	8750	1.2764710319107013
176	8800	1.2585064344154209
177	8850	1.245793197329696
178	8900	1.201694389967205
179	8950	1.201694389967205
180	9000	1.1960199056612901
181	9050	1.1609452517214969
182	9100	1.1091727061534784
183	9150	1.1048806460666598
184	9200	1.104791719490123
185	9250	1.104025024532632
186	9300	1.0864997662631042
187	9350	1.0770358023737578
188	9400	1.0513665764847524
189	9450	1.044285901595268
190	9500	1.0235268685562973
191	9550	1.0183237696849838
192	9600	1.0139372105971236
193	9650	1.0013359837031863
194	9700	0.9891625788501115
195	9750	0.9882207412218291
196	9800	0.9701611381889196
197	9850	0.92432724238191
198	9900	0.9204521061353306
199	9950	0.9196009518568884
200	10000	0.9082282788108827
201	10050	0.8942356363246293
202	10100	0.8865204058987519
203	10150	0.8793051196217101
204	10200	0.8646810940059109
205	10250	0.8626793997693575
206	10300	0.8626793997693575
207	10350	0.8594740481599727
208	10400	0.8594740481599727
209	10450	0.851797302204182
210	10500	0.8458800408699363
211	10550	0.8438747557475098
212	10600	0.84079077883784
213	10650	0.8392285413371481
214	10700	0.8342478427952005
215	10750	0.8264713617202
216	10800	0.8159808917073672
217	10850	0.798199983498096
218	10900	0.798199983498096
219	10950	0.7970620799063157
220	11000	0.7860848933275308
221	11050	0.7793743960284877
222	11100	0.7699087403545043
223	11150	0.7657586796748713
224	11200	0.7464213007524385
225	11250	0.7430941165104704
226	11300	0.7430941165104704
227	11350	0.7430941165104704
228	11400	0.7425334026724005
229	11450	0.7351874571132324
230	11500	0.7351874571132324
231	11550	0.7256545193594539
232	11600	0.7256545193594539
233	11650	0.720911611829573
234	11700	0.7202133703290365
235	11750	0.7141498460972213
236	11800	0.7050698578886697
237	11850	0.7050698578886697
238	11900	0.7050698578886697
239	11950	0.7050698578886697
240	12000	0.7050698578886697
241	12050	0.7044608288905512
242	12100	0.7044608288905512
243	12150	0.6897140169654143
244	12200	0.6883963505011749
245	12250	0.6754576793538251
246	12300	0.6744754972631697
247	12350	0.6744754972631697
248	12400	0.6733527882463638
249	12450	0.6719340067769771
250	12500	0.6717877814113049
251	12550	0.6716279768363566
252	12600	0.6714333974529119
253	12650	0.6552064308979145
254	12700	0.6552064308979145
255	12750	0.6532430435974947
256	12800	0.6465952444747878
257	12850	0.6465952444747878
258	12900	0.6465952444747878
259	12950	0.6456130623841323
260	13000	0.6456130623841323
261	13050	0.6268817922775523
262	13100	0.6268817922775523
263	13150	0.6199510621031324
264	13200	0.616878098112978
265	13250	0.6010034845374581
266	13300	0.6003178248099409
267	13350	0.6003178248099409
268	13400	0.588816588316564
269	13450	0.5604817414840025
270	13500	0.5568391144303179
271	13550	0.5384508807448554
272	13600	0.5367066481103424
273	13650	0.5299060242192845
274	13700	0.5226305347611307
275	13750	0.5226305347611307
276	13800	0.5226305347611307
277	13850	0.5173981573279439
278	13900	0.5173981573279439
279	13950	0.5144332985621471
280	14000	0.5121622738919256
281	14050	0.5113040883092889
282	14100	0.5101149478930536
283	14150	0.5101149478930536
284	14200	0.50761154469007
285	14250	0.50761154469007
286	14300	0.50761154469007
287	14350	0.5011746198281372
288	14400	0.5009863064486225
289	14450	0.5009863064486225
290	14500	0.5009002204723404
291	14550	0.5009002204723404
292	14600	0.5009002204723404
293	14650	0.4991947139807539
294	14700	0.4991947139807539
295	14750	0.4982273303382322
296	14800	0.4982273303382322
297	14850	0.4982273303382322
298	14900	0.4982273303382322
299	14950	0.4982273303382322
300	15000	0.49815715578998365
301	15050	0.49815715578998365
302	15100	0.49240402309440734
303	15150	0.49234626303719675
304	15200	0.472264323857588
305	15250	0.47163142950903164
306	15300	0.47148594195802296
307	15350	0.47148594195802296
308	15400	0.46419315844149456
309	15450	0.4601827689055127
310	15500	0.4560133901474116
311	15550	0.45339240704982176
312	15600	0.4453604502847683
313	15650	0.4451738722573764
314	15700	0.4433653253452947
315	15750	0.4433653253452947
316	15800	0.44288234456053466
317	15850	0.4384777594899883
318	15900	0.4119844066331181
319	15950	0.4119844066331181
320	16000	0.3948246265311403
321	16050	0.39329432467523767
322	16100	0.39329432467523767
323	16150	0.39329432467523767
324	16200	0.3827831739847924
325	16250	0.3827831739847924
326	16300	0.3748258771882994
327	16350	0.3718631594570757
328	16400	0.365547781822977
329	16450	0.3605582609449507
330	16500	0.3605582609449507
331	16550	0.36004301242837583
332	16600	0.35810150196297286
333	16650	0.35286909103313746
334	16700	0.3517666844458651
335	16750	0.3517666844458651
336	16800	0.350735724822303
337	16850	0.3475596135086869
338	16900	0.34644184674191963
339	16950	0.34644184674191963
340	17000	0.3456637587289416
341	17050	0.33742693368003585
342	17100	0.33742693368003585
343	17150	0.33742693368003585
344	17200	0.3327331547961145
345	17250	0.33052888196260943
346	17300	0.32986801187598347
347	17350	0.32986801187598347
348	17400	0.32986801187598347
349	17450	0.32986801187598347
350	17500	0.32608418326629335
351	17550	0.3243305166517317
352	17600	0.31930641213538785
353	17650	0.31930641213538785
354	17700	0.31739128394309574
355	17750	0.3156382025240802
356	17800	0.3156382025240802
357	17850	0.3153782077134091
358	17900	0.31504382264848896
359	17950	0.31504382264848896
360	18000	0.31504382264848896
361	18050	0.30821562907114636
362	18100	0.30612229604528485
363	18150	0.3057598194523391
364	18200	0.30468137979292254
365	18250	0.3008461298175457
366	18300	0.2930961982074992
367	18350	0.29291519687139855
368	18400	0.288845457150421
369	18450	0.2883947244214081
370	18500	0.2883947244214081
371	18550	0.28510983372083454
372	18600	0.28510983372083454
373	18650	0.28510983372083454
374	18700	0.2851086082275194
375	18750	0.2850313961424368
376	18800	0.2793227051748708
377	18850	0.2685056369423709
378	18900	0.2662899668032543
379	18950	0.2659089102875527
380	19000	0.2659089102875527
381	19050	0.2648295992197973
382	19100	0.2628547205405116
383	19150	0.26245991832514615
384	19200	0.2621106473166936
385	19250	0.2605473018352376
386	19300	0.2380777226621494
387	19350	0.23803010279147144
388	19400	0.23618262671380813
389	19450	0.2284321491565076
390	19500	0.22803612144782698
391	19550	0.22803612144782698
392	19600	0.22652802488109897
393	19650	0.2238022210590762
394	19700	0.2238022210590762
395	19750	0.2238022210590762
396	19800	0.21669822178300135
397	19850	0.20955531794636592
398	19900	0.20918290666039377
399	19950	0.20881261590906441
400	20000	0.2055794193129707
401	20050	0.20510637996304762
402	20100	0.20510637996304762
403	20150	0.2016445830631563
404	20200	0.19821797886701595
405	20250	0.19821797886701595
406	20300	0.19719803058865562
407	20350	0.19666622913816892
408	20400	0.19666622913816892
409	20450	0.19666622913816892
410	20500	0.19453178879279778
411	20550	0.1939029463988296
412	20600	0.19375956442123934
413	20650	0.19375956442123934
414	20700	0.19364021915636476
415	20750	0.19182170676348734
416	20800	0.19182170676348734
417	20850	0.19182170676348734
418	20900	0.19157354719785885
419	20950	0.1861448022878869
420	21000	0.18273128238328734
421	21050	0.1811007560833475
422	21100	0.17858963810783307
423	21150	0.17852859916257596
424	21200	0.17670279444276382
425	21250	0.17094031757596712
426	21300	0.1709395573569626
427	21350	0.1685295792662665
428	21400	0.16847040836217225
429	21450	0.1672077924358818
430	21500	0.16622518425336152
431	21550	0.16333874854171543
432	21600	0.16333874854171543
433	21650	0.16179312019547537
434	21700	0.16179312019547537
435	21750	0.16179312019547537
436	21800	0.16179312019547537
437	21850	0.1597462240072852
438	21900	0.1597462240072852
439	21950	0.1594558756673369
440	22000	0.15810611439438307
441	22050	0.15786808010327755
442	22100	0.15658558513501752
443	22150	0.1562341862315121
444	22200	0.1556396961922894
445	22250	0.15479372607606873
446	22300	0.1542223076102432
447	22350	0.1542223076102432
448	22400	0.1531810277273586
449	22450	0.1531810277273586
450	22500	0.1531810277273586
451	22550	0.15299775179664418
452	22600	0.1526390078183998
453	22650	0.1522240379293077
454	22700	0.1522240379293077
455	22750	0.1522240379293077
456	22800	0.15048662609777824
457	22850	0.14789310376736112
458	22900	0.14755581676373491
459	22950	0.14576601523698546
460	23000	0.14500846596082492
461	23050	0.1448684118790186
462	23100	0.14448349850870995
463	23150	0.14418138356207955
464	23200	0.14335039647113534
465	23250	0.14335039647113534
466	23300	0.14335039647113534
467	23350	0.13951037095898453
468	23400	0.13832532956858462
469	23450	0.13794041619827596
470	23500	0.13794041619827596
471	23550	0.13794041619827596
472	23600	0.13794041619827596
473	23650	0.13745151880762388
474	23700	0.13719451479583747
475	23750	0.13719451479583747
476	23800	0.13706547772927763
477	23850	0.13254239054976077
478	23900	0.13125153462697176
479	23950	0.12763453871472089
480	24000	0.12663903365159193
481	24050	0.12663903365159193
482	24100	0.12663903365159193
483	24150	0.12663903365159193
484	24200	0.12663903365159193
485	24250	0.12587667103743494
486	24300	0.12587667103743494
487	24350	0.12334963087229785
488	24400	0.12334963087229785
489	24450	0.12334963087229785
490	24500	0.12334428191637951
491	24550	0.12334428191637951
492	24600	0.12333516984919261
493	24650	0.12333516984919261
494	24700	0.12313096098136807
495	24750	0.1224273257504385
496	24800	0.11815004936622168
497	24850	0.11786369203642591
498	24900	0.1177624809222672
499	24950	0.11744335677885236
500	25000	0.11709023346144118
501	25050	0.11689810267625256
502	25100	0.11689810267625256
503	25150	0.11689810267625256
504	25200	0.11689810267625256
505	25250	0.11689810267625256
506	25300	0.11689810267625256
507	25350	0.11667731785052012
508	25400	0.11667731785052012
509	25450	0.11653728143646776
510	25500	0.1164500789301131
511	25550	0.11643407635623201
512	25600	0.11643407635623201
513	25650	0.11643407635623201
514	25700	0.11643407635623201
515	25750	0.11579637507606207
516	25800	0.11573500766238594
517	25850	0.11573500766238594
518	25900	0.11573500766238594
519	25950	0.11567478471974195
520	26000	0.11567478471974195
521	26050	0.11567478471974195
522	26100	0.11567478471974195
523	26150	0.11567478471974195
524	26200	0.11343027288965135
525	26250	0.11250465991225374
526	26300	0.11213099561922706
527	26350	0.11213099561922706
528	26400	0.11213099561922706
529	26450	0.11213099561922706
530	26500	0.11147716294380858
531	26550	0.11069979465218804
532	26600	0.11069979465218804
533	26650	0.11069979465218804
534	26700	0.11069979465218804
535	26750	0.11069979465218804
536	26800	0.11069979465218804
537	26850	0.11069979465218804
538	26900	0.11066056110769903
539	26950	0.10973845681541194
540	27000	0.10953922682444713
541	27050	0.10915735128433852
542	27100	0.10915735128433852
543	27150	0.10830084416465495
544	27200	0.10830084416465495
545	27250	0.10830084416465495
546	27300	0.10830084416465495
547	27350	0.10830084416465495
548	27400	0.10830084416465495
549	27450	0.10830084416465495
550	27500	0.10830084416465495
551	27550	0.10830084416465495
552	27600	0.10830084416465495
553	27650	0.10830084416465495
554	27700	0.10830084416465495
555	27750	0.10830084416465495
556	27800	0.10778903617955324
557	27850	0.10656913924575329
558	27900	0.10656913924575329
559	27950	0.10656913924575329
560	28000	0.10636201642121737
561	28050	0.10636201642121737
562	28100	0.10453884550628298
563	28150	0.10296508297269731
564	28200	0.10223586397529591
565	28250	0.10181702231415661
566	28300	0.10169928559030261
567	28350	0.10169928559030261
568	28400	0.10169928559030261
569	28450	0.10169928559030261
570	28500	0.10169928559030261
571	28550	0.101154986045917
572	28600	0.10101501979814873
573	28650	0.10043541127183223
574	28700	0.10043541127183223
575	28750	0.10043051478870013
576	28800	0.10043051478870013
577	28850	0.10043051478870013
578	28900	0.10005685372676412
579	28950	0.10005685372676412
580	29000	0.10005685372676412
581	29050	0.09986484688165455
582	29100	0.09986484688165455
583	29150	0.09986484688165455
584	29200	0.09890208033386313
585	29250	0.09890208033386313
586	29300	0.09890208033386313
587	29350	0.09890208033386313
588	29400	0.09763042216384622
589	29450	0.09763042216384622
590	29500	0.0956449863826534
591	29550	0.0956449863826534
592	29600	0.0956449863826534
593	29650	0.0956449863826534
594	29700	0.0956449863826534
595	29750	0.0956449863826534
596	29800	0.0956449863826534
597	29850	0.09546811791737383
598	29900	0.09546811791737383
599	29950	0.09511354331272166
600	30000	0.09511354331272166
601	30050	0.09511354331272166
602	30100	0.09474054473347746
603	30150	0.09474054473347746
604	30200	0.09474054473347746
605	30250	0.09474054473347746
606	30300	0.09408224411086494
607	30350	0.09408224411086494
608	30400	0.09408224411086494
609	30450	0.09381502949792796
610	30500	0.09381502949792796
611	30550	0.09381502949792796
612	30600	0.09381502949792796
613	30650	0.09381502949792796
614	30700	0.09381502949792796
615	30750	0.09381502949792796
616	30800	0.09355755441828287
617	30850	0.09349031258734472
618	30900	0.09349031258734472
619	30950	0.09268848052965137
620	31000	0.09268848052965137
621	31050	0.09268518642804704
622	31100	0.09268518642804704
623	31150	0.09268518642804704
624	31200	0.09268518642804704
625	31250	0.09268518642804704
626	31300	0.09268518642804704
627	31350	0.09257647313586784
628	31400	0.0923958255039496
629	31450	0.09234712147900694
630	31500	0.09234712147900694
631	31550	0.09234712147900694
632	31600	0.09234712147900694
633	31650	0.09234712147900694
634	31700	0.09228783339454615
635	31750	0.09228783339454615
636	31800	0.09228783339454615
637	31850	0.09228783339454615
638	31900	0.09228783339454615
639	31950	0.09228783339454615
640	32000	0.09228783339454615
641	32050	0.09228783339454615
642	32100	0.09228783339454615
643	32150	0.09117939800148633
644	32200	0.09101503656309116
645	32250	0.0868224261615269
646	32300	0.0868224261615269
647	32350	0.0868224261615269
648	32400	0.0868224261615269
649	32450	0.0868224261615269
650	32500	0.0868224261615269
651	32550	0.0868224261615269
652	32600	0.08661476265783818
653	32650	0.08661476265783818
654	32700	0.08661476265783818
655	32750	0.08661476265783818
656	32800	0.08661476265783818
657	32850	0.08661476265783818
658	32900	0.08568018844594769
659	32950	0.08568018844594769
660	33000	0.08568018844594769
661	33050	0.08568018844594769
662	33100	0.0852938165247927
663	33150	0.0852938165247927
664	33200	0.0852938165247927
665	33250	0.0852938165247927
666	33300	0.08523493690660248
667	33350	0.08523493690660248
668	33400	0.08459345662177312
669	33450	0.08459345662177312
670	33500	0.08413303092676358
671	33550	0.08413303092676358
672	33600	0.08413303092676358
673	33650	0.08413303092676358
674	33700	0.08413303092676358
675	33750	0.08413303092676358
676	33800	0.08413303092676358
677	33850	0.08345238018971483
678	33900	0.08324655889927962
679	33950	0.08324655889927962
680	34000	0.08324655889927962
681	34050	0.08324655889927962
682	34100	0.08190225191906728
683	34150	0.08190225191906728
684	34200	0.0798531672642555
685	34250	0.0798531672642555
686	34300	0.0798410691762311
687	34350	0.0794598579345457
688	34400	0.07942170491193998
689	34450	0.07942170491193998
690	34500	0.07942170491193998
691	34550	0.07942170491193998
692	34600	0.07852470095597597
693	34650	0.07852470095597597
694	34700	0.07832095057241766
695	34750	0.07765427517331656
696	34800	0.07765427517331656
697	34850	0.07764588361973504
698	34900	0.07702823788818534
699	34950	0.0757188389644182
700	35000	0.0757188389644182
701	35050	0.07168433865447263
702	35100	0.07168433865447263
703	35150	0.07168433865447263
704	35200	0.06821033975015181
705	35250	0.0681141438627401
706	35300	0.06811182413829998
707	35350	0.06811182413829998
708	35400	0.06811182413829998
709	35450	0.06811182413829998
710	35500	0.06811182413829998
711	35550	0.06796699514385839
712	35600	0.06796699514385839
713	35650	0.06796699514385839
714	35700	0.06788452906306988
715	35750	0.06730908718771157
716	35800	0.06679717986226295
717	35850	0.06379287468826805
718	35900	0.06367243003472052
719	35950	0.06367243003472052
720	36000	0.06361072109511177
721	36050	0.06352731432757978
722	36100	0.06352731432757978
723	36150	0.06350392589605244
724	36200	0.06350392589605244
725	36250	0.06350392589605244
726	36300	0.06350392589605244
727	36350	0.06350392589605244
728	36400	0.06327869213511725
729	36450	0.06327869213511725
730	36500	0.06327869213511725
731	36550	0.06327869213511725
732	36600	0.06327869213511725
733	36650	0.06327869213511725
734	36700	0.06314692537522311
735	36750	0.06314692537522311
736	36800	0.06314692537522311
737	36850	0.06235907424005035
738	36900	0.06235907424005035
739	36950	0.06235907424005035
740	37000	0.06235907424005035
741	37050	0.06235907424005035
742	37100	0.06235907424005035
743	37150	0.06235907424005035
744	37200	0.06235907424005035
745	37250	0.06235907424005035
746	37300	0.06235907424005035
747	37350	0.06235907424005035
748	37400	0.06235907424005035
749	37450	0.06235907424005035
750	37500	0.06235907424005035
751	37550	0.06235907424005035
752	37600	0.06177371057883004
753	37650	0.06177371057883004
754	37700	0.06177371057883004
755	37750	0.06032399649872424
756	37800	0.06032399649872424
757	37850	0.06032399649872424
758	37900	0.06032399649872424
759	37950	0.060265443773498406
760	38000	0.060265443773498406
761	38050	0.059997501335585623
762	38100	0.059997501335585623
763	38150	0.05982906556795718
764	38200	0.05376182261264338
765	38250	0.05376182261264338
766	38300	0.05376182261264338
767	38350	0.05376182261264338
768	38400	0.05376182261264338
769	38450	0.05376182261264338
770	38500	0.05376182261264338
771	38550	0.05376182261264338
772	38600	0.05376182261264338
773	38650	0.05357893706788793
774	38700	0.053524383929396846
775	38750	0.05351047520648779
776	38800	0.05351047520648779
777	38850	0.05279256473025804
778	38900	0.05279256473025804
779	38950	0.05279256473025804
780	39000	0.052784129990872584
781	39050	0.052784129990872584
782	39100	0.052784129990872584
783	39150	0.052784129990872584
784	39200	0.052733541641647494
785	39250	0.052733541641647494
786	39300	0.052733541641647494
787	39350	0.052733541641647494
788	39400	0.052733541641647494
789	39450	0.052733541641647494
790	39500	0.05222644660242426
791	39550	0.05217903797260802
792	39600	0.05217903797260802
793	39650	0.052098754175938414
794	39700	0.05204495957699871
795	39750	0.05204495957699871
796	39800	0.05204495957699871
797	39850	0.05204495957699871
798	39900	0.05204495957699871
799	39950	0.05204495957699871
800	40000	0.05203514432349075
801	40050	0.05192742528707167
802	40100	0.05192742528707167
803	40150	0.051907826967726445
804	40200	0.051907826967726445
805	40250	0.051907826967726445
806	40300	0.05056891075410223
807	40350	0.05056891075410223
808	40400	0.05056891075410223
809	40450	0.050390122783383416
810	40500	0.050390122783383416
811	40550	0.050390122783383416
812	40600	0.050390122783383416
813	40650	0.04968941865122729
814	40700	0.049605663155484224
815	40750	0.04921597303950033
816	40800	0.04911650604863442
817	40850	0.04911650604863442
818	40900	0.04911650604863442
819	40950	0.049015469651075054
820	41000	0.048706679174520796
821	41050	0.04859575796393763
822	41100	0.04835624930479536
823	41150	0.04825967727613921
824	41200	0.04825967727613921
825	41250	0.04825967727613921
826	41300	0.04825967727613921
827	41350	0.04825967727613921
828	41400	0.04825967727613921
829	41450	0.04825967727613921
830	41500	0.04823736169673397
831	41550	0.04823736169673397
832	41600	0.04823736169673397
833	41650	0.04736014244111526
834	41700	0.04662215972060865
835	41750	0.04662215972060865
836	41800	0.04662215972060865
837	41850	0.04662215972060865
838	41900	0.04662215972060865
839	41950	0.04662215972060865
840	42000	0.04661211375246326
841	42050	0.04661211375246326
842	42100	0.04629810227028566
843	42150	0.04583160628506191
844	42200	0.04583160628506191
845	42250	0.045542469208425106
846	42300	0.04537446550097218
847	42350	0.04537446550097218
848	42400	0.04537446550097218
849	42450	0.044751824083862406
850	42500	0.044751824083862406
851	42550	0.044751824083862406
852	42600	0.044751824083862406
853	42650	0.044751824083862406
854	42700	0.044751824083862406
855	42750	0.044751824083862406
856	42800	0.044751824083862406
857	42850	0.044751824083862406
858	42900	0.044751824083862406
859	42950	0.04409510571628124
860	43000	0.04409510571628124
861	43050	0.04409510571628124
862	43100	0.04409510571628124
863	43150	0.04409510571628124
864	43200	0.04409510571628124
865	43250	0.04409510571628124
866	43300	0.04406917956798008
867	43350	0.04406917956798008
868	43400	0.043852472976171196
869	43450	0.042304438475357024
870	43500	0.042304438475357024
871	43550	0.042304438475357024
872	43600	0.042304438475357024
873	43650	0.042304438475357024
874	43700	0.042304438475357024
875	43750	0.042304438475357024
876	43800	0.042304438475357024
877	43850	0.04227234521529818
878	43900	0.04059003433514845
879	43950	0.04046606111797746
880	44000	0.04046606111797746
881	44050	0.04043595323833458
882	44100	0.04043595323833458
883	44150	0.04043595323833458
884	44200	0.03998126096685488
885	44250	0.039443819264614204
886	44300	0.039443819264614204
887	44350	0.03900499178523918
888	44400	0.03900499178523918
889	44450	0.03900499178523918
890	44500	0.0390048541915722
891	44550	0.038956948145299285
892	44600	0.038956948145299285
893	44650	0.038956948145299285
894	44700	0.038956948145299285
895	44750	0.038956948145299285
896	44800	0.038956948145299285
897	44850	0.03886666599318301
898	44900	0.03886666599318301
899	44950	0.038793695444580216
900	45000	0.038793695444580216
901	45050	0.038793695444580216
902	45100	0.038793695444580216
903	45150	0.038793695444580216
904	45200	0.03876245257180215
905	45250	0.03866074491829687
906	45300	0.038503378587121787
907	45350	0.038503378587121787
908	45400	0.038503378587121787
909	45450	0.038503378587121787
910	45500	0.038503378587121787
911	45550	0.038503378587121787
912	45600	0.03848578690344275
913	45650	0.03848578690344275
914	45700	0.03848578690344275
915	45750	0.03848578690344275
916	45800	0.03848578690344275
917	45850	0.03848578690344275
918	45900	0.03848578690344275
919	45950	0.03848578690344275
920	46000	0.03848578690344275
921	46050	0.03840709142523757
922	46100	0.03826809010605685
923	46150	0.037908540608351735
924	46200	0.037908540608351735
925	46250	0.03789168777790668
926	46300	0.03789168777790668
927	46350	0.03789168777790668
928	46400	0.03789168777790668
929	46450	0.03789168777790668
930	46500	0.037798927895825014
931	46550	0.037798927895825014
932	46600	0.037798927895825014
933	46650	0.037798927895825014
934	46700	0.037798927895825014
935	46750	0.0357118720273763
936	46800	0.03567765002082137
937	46850	0.03567765002082137
938	46900	0.03567765002082137
939	46950	0.03562509413380116
940	47000	0.034687352627842165
941	47050	0.03465044989801151
942	47100	0.03465044989801151
943	47150	0.03465044989801151
944	47200	0.03465044989801151
945	47250	0.03465044989801151
946	47300	0.03465044989801151
947	47350	0.03465044989801151
948	47400	0.03452784804946079
949	47450	0.03452784804946079
950	47500	0.03394125413417059
951	47550	0.03394125413417059
952	47600	0.03394125413417059
953	47650	0.03394125413417059
954	47700	0.03394125413417059
955	47750	0.03394125413417059
956	47800	0.03384658856835564
957	47850	0.03384658856835564
958	47900	0.03377993016914331
959	47950	0.03377993016914331
960	48000	0.03377993016914331
961	48050	0.03377993016914331
962	48100	0.03377993016914331
963	48150	0.03377993016914331
964	48200	0.03377993016914331
965	48250	0.03377993016914331
966	48300	0.03377993016914331
967	48350	0.03377993016914331
968	48400	0.03294318555200995
969	48450	0.03294318555200995
970	48500	0.03294318555200995
971	48550	0.03287865889667463
972	48600	0.03205293829793584
973	48650	0.03205293829793584
974	48700	0.03203054999239309
975	48750	0.03203054999239309
976	48800	0.03203054999239309
977	48850	0.031979354758667485
978	48900	0.031979354758667485
979	48950	0.031979354758667485
980	49000	0.031979354758667485
981	49050	0.031979354758667485
982	49100	0.031979354758667485
983	49150	0.031979354758667485
984	49200	0.031979354758667485
985	49250	0.031979354758667485
986	49300	0.031979354758667485
987	49350	0.031979354758667485
988	49400	0.03187775973586959
989	49450	0.03187775973586959
990	49500	0.03187775973586959
991	49550	0.03187775973586959
992	49600	0.031823985558888664
993	49650	0.031496544414552144
994	49700	0.031496544414552144
995	49750	0.03148924111313828
996	49800	0.031449911131770314
997	49850	0.031449911131770314
998	49900	0.031340364135094126
999	49950	0.031340364135094126
1000	50000	0.031340364135094126
1001	50050	0.031340364135094126
1002	50100	0.031340364135094126
1003	50150	0.031340364135094126
1004	50200	0.031167751767873803
1005	50250	0.031167751767873803
1006	50300	0.031167751767873803
1007	50350	0.031167751767873803
1008	50400	0.031081245534900086
1009	50450	0.031081245534900086
1010	50500	0.031081245534900086
1011	50550	0.03058690173637808
1012	50600	0.03058690173637808
1013	50650	0.030528197625667212
1014	50700	0.03049224920584721
1015	50750	0.03049224920584721
1016	50800	0.03049224920584721
1017	50850	0.03049224920584721
1018	50900	0.03049224920584721
1019	50950	0.03049224920584721
1020	51000	0.03049224920584721
1021	51050	0.03049224920584721
1022	51100	0.03049224920584721
1023	51150	0.030447644138359275
1024	51200	0.030447644138359275
1025	51250	0.030447644138359275
1026	51300	0.030447644138359275
1027	51350	0.030363061978831984
1028	51400	0.030363061978831984
1029	51450	0.03027774293905764
1030	51500	0.03027774293905764
1031	51550	0.03027774293905764
1032	51600	0.030248708940080186
1033	51650	0.030248708940080186
1034	51700	0.030217550232714885
1035	51750	0.029331507225072967
1036	51800	0.02928767913542022
1037	51850	0.02928767913542022
1038	51900	0.02928767913542022
1039	51950	0.02928767913542022
1040	52000	0.02928767913542022
1041	52050	0.02904970198421485
1042	52100	0.0289581742078786
1043	52150	0.028943816594641486
1044	52200	0.028943816594641486
1045	52250	0.028943816594641486
1046	52300	0.028943816594641486
1047	52350	0.028943816594641486
1048	52400	0.028943816594641486
1049	52450	0.028943816594641486
1050	52500	0.028943816594641486
1051	52550	0.028766691005654887
1052	52600	0.028449227851310793
1053	52650	0.02841419177029732
1054	52700	0.028361236578082753
1055	52750	0.028361236578082753
1056	52800	0.02829996298244039
1057	52850	0.028287139233284797
1058	52900	0.028252070224817294
1059	52950	0.027660302426272498
1060	53000	0.027482113348718706
1061	53050	0.027482113348718706
1062	53100	0.027482113348718706
1063	53150	0.027482113348718706
1064	53200	0.027482113348718706
1065	53250	0.027201473502679076
1066	53300	0.027201473502679076
1067	53350	0.027113906420066797
1068	53400	0.026755733401778243
1069	53450	0.026589614830279284
1070	53500	0.026486849348077414
1071	53550	0.02611842686650857
1072	53600	0.02611842686650857
1073	53650	0.025807811133354803
1074	53700	0.025807811133354803
1075	53750	0.02575587184574568
1076	53800	0.02575587184574568
1077	53850	0.02575587184574568
1078	53900	0.025751387818195838
1079	53950	0.025751387818195838
1080	54000	0.025751387818195838
1081	54050	0.025751387818195838
1082	54100	0.025751387818195838
1083	54150	0.025751387818195838
1084	54200	0.02542160888956619
1085	54250	0.02542160888956619
1086	54300	0.02542160888956619
1087	54350	0.02542160888956619
1088	54400	0.02542160888956619
1089	54450	0.02542160888956619
1090	54500	0.025411576533910702
1091	54550	0.025411576533910702
1092	54600	0.025411576533910702
1093	54650	0.025411576533910702
1094	54700	0.025411576533910702
1095	54750	0.025411576533910702
1096	54800	0.025411576533910702
1097	54850	0.025411576533910702
1098	54900	0.025411576533910702
1099	54950	0.02529183375294471
1100	55000	0.02529183375294471
1101	55050	0.02529183375294471
1102	55100	0.02529183375294471
1103	55150	0.02529183375294471
1104	55200	0.02529183375294471
1105	55250	0.02529183375294471
1106	55300	0.02529183375294471
1107	55350	0.02529183375294471
1108	55400	0.02529183375294471
1109	55450	0.02529183375294471
1110	55500	0.02442798784435129
1111	55550	0.02442798784435129
1112	55600	0.02442798784435129
1113	55650	0.02428329392491135
1114	55700	0.02428329392491135
1115	55750	0.02428329392491135
1116	55800	0.02428329392491135
1117	55850	0.02414468034006861
1118	55900	0.024102277548302988
1119	55950	0.024102277548302988
1120	56000	0.024085934327745688
1121	56050	0.024085934327745688
1122	56100	0.024085934327745688
1123	56150	0.024085934327745688
1124	56200	0.024085934327745688
1125	56250	0.024069102176080083
1126	56300	0.023656504485497235
1127	56350	0.023656504485497235
1128	56400	0.023656504485497235
1129	56450	0.023656504485497235
1130	56500	0.023656504485497235
1131	56550	0.023644910112854235
1132	56600	0.023644910112854235
1133	56650	0.023615810975700997
1134	56700	0.023615810975700997
1135	56750	0.023615810975700997
1136	56800	0.02346396992027147
1137	56850	0.02346396992027147
1138	56900	0.02346396992027147
1139	56950	0.02346396992027147
1140	57000	0.02346396992027147
1141	57050	0.023282388401484187
1142	57100	0.023282388401484187
1143	57150	0.022883590344912986
1144	57200	0.022777929102550658
1145	57250	0.022266655039759272
1146	57300	0.022266655039759272
1147	57350	0.022266655039759272
1148	57400	0.022266655039759272
1149	57450	0.022266655039759272
1150	57500	0.022266655039759272
1151	57550	0.021196146950868786
1152	57600	0.021196146950868786
1153	57650	0.021196146950868786
1154	57700	0.020710592755695475
1155	57750	0.020662146064533697
1156	57800	0.020662146064533697
1157	57850	0.020662146064533697
1158	57900	0.020662146064533697
1159	57950	0.020662146064533697
1160	58000	0.020662146064533697
1161	58050	0.020662146064533697
1162	58100	0.020662146064533697
1163	58150	0.020662146064533697
1164	58200	0.020662146064533697
1165	58250	0.020662146064533697
1166	58300	0.020662146064533697
1167	58350	0.020662146064533697
1168	58400	0.020537236813344635
1169	58450	0.020537236813344635
1170	58500	0.020537236813344635
1171	58550	0.020537236813344635
1172	58600	0.020537236813344635
1173	58650	0.020537236813344635
1174	58700	0.020405216513105947
1175	58750	0.02032590420609737
1176	58800	0.020273874555929102
1177	58850	0.020273874555929102
1178	58900	0.020273874555929102
1179	58950	0.020273874555929102
1180	59000	0.020010485395838298
1181	59050	0.020010485395838298
1182	59100	0.02000814162118812
1183	59150	0.02000814162118812
1184	59200	0.02000814162118812
1185	59250	0.02000814162118812
1186	59300	0.02000814162118812
1187	59350	0.02000814162118812
1188	59400	0.02000814162118812
1189	59450	0.02000814162118812
1190	59500	0.019928453985062943
1191	59550	0.019928453985062943
1192	59600	0.019928453985062943
1193	59650	0.019928453985062943
1194	59700	0.019928453985062943
1195	59750	0.019928453985062943
1196	59800	0.019928453985062943
1197	59850	0.019928453985062943
1198	59900	0.019928453985062943
1199	59950	0.019928453985062943
1200	60000	0.019928453985062943
1201	60050	0.019758637864014196
1202	60100	0.019758637864014196
1203	60150	0.019758637864014196
1204	60200	0.019758637864014196
1205	60250	0.019758637864014196
1206	60300	0.019758637864014196
1207	60350	0.019758637864014196
1208	60400	0.019758637864014196
1209	60450	0.019693330949360315
1210	60500	0.019693330949360315
1211	60550	0.01952687976041414
1212	60600	0.01952687976041414
1213	60650	0.019498236087929166
1214	60700	0.019498236087929166
1215	60750	0.019498236087929166
1216	60800	0.01944433794526727
1217	60850	0.01944433794526727
1218	60900	0.019387898849483748
1219	60950	0.019358051735431463
1220	61000	0.019358051735431463
1221	61050	0.019358051735431463
1222	61100	0.019358051735431463
1223	61150	0.019358051735431463
1224	61200	0.019358051735431463
1225	61250	0.019358051735431463
1226	61300	0.019358051735431463
1227	61350	0.019358051735431463
1228	61400	0.019358051735431463
1229	61450	0.019358051735431463
1230	61500	0.019358051735431463
1231	61550	0.019358051735431463
1232	61600	0.019226705232167553
1233	61650	0.019226705232167553
1234	61700	0.019226705232167553
1235	61750	0.019226705232167553
1236	61800	0.019226705232167553
1237	61850	0.019226705232167553
1238	61900	0.019226705232167553
1239	61950	0.019226705232167553
1240	62000	0.019226705232167553
1241	62050	0.0192186795181492
1242	62100	0.0192186795181492
1243	62150	0.0192186795181492
1244	62200	0.019206085077635375
1245	62250	0.019206085077635375
1246	62300	0.01910916146808312
1247	62350	0.01910916146808312
1248	62400	0.01910916146808312
1249	62450	0.01910916146808312
1250	62500	0.01910916146808312
1251	62550	0.01910916146808312
1252	62600	0.018975922812811807
1253	62650	0.018975922812811807
1254	62700	0.018975922812811807
1255	62750	0.018916543319034522
1256	62800	0.01885748871643363
1257	62850	0.01885748871643363
1258	62900	0.01885748871643363
1259	62950	0.01885748871643363
1260	63000	0.01885748871643363
1261	63050	0.01885748871643363
1262	63100	0.01885748871643363
1263	63150	0.01885748871643363
1264	63200	0.01885748871643363
1265	63250	0.01885748871643363
1266	63300	0.01885748871643363
1267	63350	0.01885748871643363
1268	63400	0.01885748871643363
1269	63450	0.01885748871643363
1270	63500	0.01885748871643363
1271	63550	0.01885748871643363
1272	63600	0.018847338224754893
1273	63650	0.018847338224754893
1274	63700	0.018847338224754893
1275	63750	0.018847338224754893
1276	63800	0.018348340674526557
1277	63850	0.01832967560277619
1278	63900	0.01832967560277619
1279	63950	0.01832967560277619
1280	64000	0.01827738836837057
1281	64050	0.01827738836837057
1282	64100	0.01827738836837057
1283	64150	0.01827738836837057
1284	64200	0.018154751685829938
1285	64250	0.018154751685829938
1286	64300	0.018154751685829938
1287	64350	0.0181540643527784
1288	64400	0.0181540643527784
1289	64450	0.017558111099759823
1290	64500	0.017558111099759823
1291	64550	0.017558111099759823
1292	64600	0.017558111099759823
1293	64650	0.017558111099759823
1294	64700	0.017558111099759823
1295	64750	0.017558111099759823
1296	64800	0.017558111099759823
1297	64850	0.017558111099759823
1298	64900	0.017474900821915374
1299	64950	0.017474900821915374
1300	65000	0.017474900821915374
1301	65050	0.017474900821915374
1302	65100	0.017474900821915374
1303	65150	0.017474900821915374
1304	65200	0.017430721916813295
1305	65250	0.017430721916813295
1306	65300	0.017430721916813295
1307	65350	0.01741436296701942
1308	65400	0.01741436296701942
1309	65450	0.01741436296701942
1310	65500	0.01741436296701942
1311	65550	0.01741436296701942
1312	65600	0.01741436296701942
1313	65650	0.01741436296701942
1314	65700	0.01741436296701942
1315	65750	0.01741436296701942
1316	65800	0.017380721590473828
1317	65850	0.017380721590473828
1318	65900	0.017380721590473828
1319	65950	0.017380721590473828
1320	66000	0.01737481781310519
1321	66050	0.01737481781310519
1322	66100	0.01737481781310519
1323	66150	0.01737481781310519
1324	66200	0.01737481781310519
1325	66250	0.01737481781310519
1326	66300	0.01737481781310519
1327	66350	0.017257531592195112
1328	66400	0.017257531592195112
1329	66450	0.01712991206521979
1330	66500	0.01712991206521979
1331	66550	0.01712991206521979
1332	66600	0.01700568539734886
1333	66650	0.01700568539734886
1334	66700	0.01700568539734886
1335	66750	0.01700568539734886
1336	66800	0.01700568539734886
1337	66850	0.016955645877771524
1338	66900	0.016955645877771524
1339	66950	0.016914981818495593
1340	67000	0.016914981818495593
1341	67050	0.016914981818495593
1342	67100	0.016914981818495593
1343	67150	0.016762294074782254
1344	67200	0.016762294074782254
1345	67250	0.016762294074782254
1346	67300	0.016762294074782254
1347	67350	0.016762294074782254
1348	67400	0.016762294074782254
1349	67450	0.016762294074782254
1350	67500	0.01674977137164602
1351	67550	0.016544565833510903
1352	67600	0.016544565833510903
1353	67650	0.016544565833510903
1354	67700	0.016544565833510903
1355	67750	0.016544565833510903
1356	67800	0.016544565833510903
1357	67850	0.016126426153868702
1358	67900	0.016126426153868702
1359	67950	0.016126426153868702
1360	68000	0.016126426153868702
1361	68050	0.016126426153868702
1362	68100	0.016126426153868702
1363	68150	0.016126426153868702
1364	68200	0.01612277734801084
1365	68250	0.01612277734801084
1366	68300	0.015910634198616515
1367	68350	0.015910634198616515
1368	68400	0.015910634198616515
1369	68450	0.015910634198616515
1370	68500	0.015910634198616515
1371	68550	0.015910634198616515
1372	68600	0.015887987672186927
1373	68650	0.015887987672186927
1374	68700	0.015887987672186927
1375	68750	0.015887987672186927
1376	68800	0.015848232108849572
1377	68850	0.01576994355397017
1378	68900	0.01576994355397017
1379	68950	0.01576994355397017
1380	69000	0.01576994355397017
1381	69050	0.01576994355397017
1382	69100	0.01576994355397017
1383	69150	0.01576985639793539
1384	69200	0.01562577250924918
1385	69250	0.015508369563076657
1386	69300	0.015508369563076657
1387	69350	0.015508369563076657
1388	69400	0.015508369563076657
1389	69450	0.015508369563076657
1390	69500	0.015508369563076657
1391	69550	0.015508369563076657
1392	69600	0.015508369563076657
1393	69650	0.015508369563076657
1394	69700	0.015508369563076657
1395	69750	0.015508369563076657
1396	69800	0.015508369563076657
1397	69850	0.015508369563076657
1398	69900	0.015508369563076657
1399	69950	0.015508369563076657
1400	70000	0.015481788998651528
1401	70050	0.015481788998651528
1402	70100	0.015481788998651528
1403	70150	0.015481788998651528
1404	70200	0.015481788998651528
1405	70250	0.015481788998651528
1406	70300	0.015481788998651528
1407	70350	0.015481788998651528
1408	70400	0.015434947057911999
1409	70450	0.015434947057911999
1410	70500	0.015434947057911999
1411	70550	0.015434947057911999
1412	70600	0.015434947057911999
1413	70650	0.015434947057911999
1414	70700	0.015434947057911999
1415	70750	0.015434947057911999
1416	70800	0.015434947057911999
1417	70850	0.015425879646410895
1418	70900	0.0153119414118916
1419	70950	0.015180385667422785
1420	71000	0.015180385667422785
1421	71050	0.015125801491174245
1422	71100	0.015125801491174245
1423	71150	0.015125801491174245
1424	71200	0.015125801491174245
1425	71250	0.015125801491174245
1426	71300	0.015125801491174245
1427	71350	0.015125801491174245
1428	71400	0.015079328698129071
1429	71450	0.015079328698129071
1430	71500	0.015079328698129071
1431	71550	0.015079328698129071
1432	71600	0.015079328698129071
1433	71650	0.015079328698129071
1434	71700	0.015079328698129071
1435	71750	0.015016567214966631
1436	71800	0.015016567214966631
1437	71850	0.015016567214966631
1438	71900	0.01500677654279452
1439	71950	0.01500677654279452
1440	72000	0.01500677654279452
1441	72050	0.014982034300295339
1442	72100	0.014982034300295339
1443	72150	0.014982034300295339
1444	72200	0.014982034300295339
1445	72250	0.014982034300295339
1446	72300	0.014982034300295339
1447	72350	0.014982034300295339
1448	72400	0.014982034300295339
1449	72450	0.014982034300295339
1450	72500	0.014952553060315763
1451	72550	0.014952553060315763
1452	72600	0.014952553060315763
1453	72650	0.014952553060315763
1454	72700	0.014952553060315763
1455	72750	0.014949007128411459
1456	72800	0.014949007128411459
1457	72850	0.014949007128411459
1458	72900	0.014949007128411459
1459	72950	0.014949007128411459
1460	73000	0.014949007128411459
1461	73050	0.014949007128411459
1462	73100	0.014949007128411459
1463	73150	0.014949007128411459
1464	73200	0.014949007128411459
1465	73250	0.014949007128411459
1466	73300	0.014949007128411459
1467	73350	0.014949007128411459
1468	73400	0.014949007128411459
1469	73450	0.014949007128411459
1470	73500	0.014949007128411459
1471	73550	0.014865058858974123
1472	73600	0.01484604157679607
1473	73650	0.01484604157679607
1474	73700	0.01484604157679607
1475	73750	0.01484604157679607
1476	73800	0.014831532522059293
1477	73850	0.014831532522059293
1478	73900	0.014801530855095096
1479	73950	0.014801530855095096
1480	74000	0.014801530855095096
1481	74050	0.014801530855095096
1482	74100	0.014801530855095096
1483	74150	0.014801530855095096
1484	74200	0.014801530855095096
1485	74250	0.014801530855095096
1486	74300	0.014801530855095096
1487	74350	0.014801530855095096
1488	74400	0.014801530855095096
1489	74450	0.014801530855095096
1490	74500	0.014801530855095096
1491	74550	0.014801530855095096
1492	74600	0.014801530855095096
1493	74650	0.014801530855095096
1494	74700	0.014634618658573201
1495	74750	0.014634618658573201
1496	74800	0.014634618658573201
1497	74850	0.014404297299270685
1498	74900	0.014404297299270685
1499	74950	0.014404297299270685
1500	75000	0.014404297299270685
1501	75050	0.014259467668036124
1502	75100	0.014259467668036124
1503	75150	0.014259467668036124
1504	75200	0.014259467668036124
1505	75250	0.014259467668036124
1506	75300	0.01407379060457068
1507	75350	0.01407379060457068
1508	75400	0.01407379060457068
1509	75450	0.01407379060457068
1510	75500	0.01407379060457068
1511	75550	0.01407379060457068
1512	75600	0.01407379060457068
1513	75650	0.01407379060457068
1514	75700	0.01407379060457068
1515	75750	0.01407379060457068
1516	75800	0.01407379060457068
1517	75850	0.01407379060457068
1518	75900	0.01407379060457068
1519	75950	0.01407379060457068
1520	76000	0.013959591977786711
1521	76050	0.013959591977786711
1522	76100	0.013959591977786711
1523	76150	0.013959591977786711
1524	76200	0.013959591977786711
1525	76250	0.013932294243764593
1526	76300	0.013932294243764593
1527	76350	0.013820150585251082
1528	76400	0.013820150585251082
1529	76450	0.013820150585251082
1530	76500	0.013820150585251082
1531	76550	0.013714116966299811
1532	76600	0.013714116966299811
1533	76650	0.013714116966299811
1534	76700	0.013714116966299811
1535	76750	0.013714116966299811
1536	76800	0.013714116966299811
1537	76850	0.013714116966299811
1538	76900	0.013714116966299811
1539	76950	0.013714116966299811
1540	77000	0.013714116966299811
1541	77050	0.013714116966299811
1542	77100	0.013714116966299811
1543	77150	0.013714116966299811
1544	77200	0.013714116966299811
1545	77250	0.013702051171178384
1546	77300	0.013702051171178384
1547	77350	0.01363041191860662
1548	77400	0.01363041191860662
1549	77450	0.013625072306897376
1550	77500	0.013625072306897376
1551	77550	0.013625072306897376
1552	77600	0.013625072306897376
1553	77650	0.013625072306897376
1554	77700	0.013625072306897376
1555	77750	0.013459137882568015
1556	77800	0.013455696366960581
1557	77850	0.013455696366960581
1558	77900	0.013455696366960581
1559	77950	0.013455696366960581
1560	78000	0.012875619835435165
1561	78050	0.012875619835435165
1562	78100	0.012875619835435165
1563	78150	0.012875619835435165
1564	78200	0.012875619835435165
1565	78250	0.012875619835435165
1566	78300	0.012875619835435165
1567	78350	0.012875619835435165
1568	78400	0.012875619835435165
1569	78450	0.012875619835435165
1570	78500	0.012875619835435165
1571	78550	0.012861727744972564
1572	78600	0.012861727744972564
1573	78650	0.012861727744972564
1574	78700	0.012861727744972564
1575	78750	0.012861727744972564
1576	78800	0.012861727744972564
1577	78850	0.012861727744972564
1578	78900	0.01286150301519794
1579	78950	0.01286150301519794
1580	79000	0.012801359932160921
1581	79050	0.012801359932160921
1582	79100	0.012801359932160921
1583	79150	0.012801359932160921
1584	79200	0.012801359932160921
1585	79250	0.012801359932160921
1586	79300	0.012801359932160921
1587	79350	0.012801359932160921
1588	79400	0.012778705413976629
1589	79450	0.012778705413976629
1590	79500	0.012778705413976629
1591	79550	0.012778705413976629
1592	79600	0.01276000298344528
1593	79650	0.01276000298344528
1594	79700	0.01276000298344528
1595	79750	0.012535925105551366
1596	79800	0.012535925105551366
1597	79850	0.012535925105551366
1598	79900	0.012520427848974891
1599	79950	0.012520427848974891
1600	80000	0.012520427848974891
1601	80050	0.012520427848974891
1602	80100	0.012520427848974891
1603	80150	0.012520427848974891
1604	80200	0.012520427848974891
1605	80250	0.012443728897296521
1606	80300	0.012443728897296521
1607	80350	0.01243739747839567
1608	80400	0.01243739747839567
1609	80450	0.01243739747839567
1610	80500	0.01243739747839567
1611	80550	0.012382765818449278
1612	80600	0.012382765818449278
1613	80650	0.012251112837230668
1614	80700	0.012251112837230668
1615	80750	0.012140931813898278
1616	80800	0.012140931813898278
1617	80850	0.012140931813898278
1618	80900	0.012140931813898278
1619	80950	0.012140931813898278
1620	81000	0.012140931813898278
1621	81050	0.012140931813898278
1622	81100	0.011959662964351607
1623	81150	0.011959662964351607
1624	81200	0.011959662964351607
1625	81250	0.011959662964351607
1626	81300	0.011959662964351607
1627	81350	0.011669441683467245
1628	81400	0.011669441683467245
1629	81450	0.011669441683467245
1630	81500	0.011669441683467245
1631	81550	0.011669441683467245
1632	81600	0.011669441683467245
1633	81650	0.0116455842595376
1634	81700	0.0116455842595376
1635	81750	0.011583739597727507
1636	81800	0.011583739597727507
1637	81850	0.011583739597727507
1638	81900	0.011583739597727507
1639	81950	0.011563591467149291
1640	82000	0.011563591467149291
1641	82050	0.011563591467149291
1642	82100	0.011563591467149291
1643	82150	0.011563591467149291
1644	82200	0.011520807766349958
1645	82250	0.011520807766349958
1646	82300	0.011520807766349958
1647	82350	0.011520807766349958
1648	82400	0.011520807766349958
1649	82450	0.011520807766349958
1650	82500	0.011520807766349958
1651	82550	0.011520807766349958
1652	82600	0.011520807766349958
1653	82650	0.011520807766349958
1654	82700	0.011520807766349958
1655	82750	0.011520807766349958
1656	82800	0.011520807766349958
1657	82850	0.011520807766349958
1658	82900	0.01146382535852659
1659	82950	0.01146382535852659
1660	83000	0.011458682360829033
1661	83050	0.011458682360829033
1662	83100	0.011458682360829033
1663	83150	0.011458682360829033
1664	83200	0.011458682360829033
1665	83250	0.011458682360829033
1666	83300	0.011458682360829033
1667	83350	0.011458682360829033
1668	83400	0.011458682360829033
1669	83450	0.011458682360829033
1670	83500	0.011458682360829033
1671	83550	0.011458682360829033
1672	83600	0.011458682360829033
1673	83650	0.011458682360829033
1674	83700	0.011458682360829033
1675	83750	0.011325696803623532
1676	83800	0.011325696803623532
1677	83850	0.011325696803623532
1678	83900	0.011325696803623532
1679	83950	0.011325696803623532
1680	84000	0.011325696803623532
1681	84050	0.011325696803623532
1682	84100	0.011219699701433671
1683	84150	0.011219699701433671
1684	84200	0.011219699701433671
1685	84250	0.011219699701433671
1686	84300	0.011219699701433671
1687	84350	0.011219699701433671
1688	84400	0.011219699701433671
1689	84450	0.011219699701433671
1690	84500	0.011219699701433671
1691	84550	0.011219699701433671
1692	84600	0.011219699701433671
1693	84650	0.011219699701433671
1694	84700	0.011219699701433671
1695	84750	0.011219699701433671
1696	84800	0.01119893385727928
1697	84850	0.01119893385727928
1698	84900	0.011129727840111162
1699	84950	0.011129727840111162
1700	85000	0.011129727840111162
1701	85050	0.011121125571034934
1702	85100	0.011121125571034934
1703	85150	0.011121125571034934
1704	85200	0.011121125571034934
1705	85250	0.011072312233988359
1706	85300	0.011072312233988359
1707	85350	0.011072312233988359
1708	85400	0.011072312233988359
1709	85450	0.011072312233988359
1710	85500	0.011047645087078317
1711	85550	0.01099544255769655
1712	85600	0.010886289494884257
1713	85650	0.010886289494884257
1714	85700	0.010886289494884257
1715	85750	0.010832602070858949
1716	85800	0.010832602070858949
1717	85850	0.010832602070858949
1718	85900	0.010832602070858949
1719	85950	0.010435192502421078
1720	86000	0.010435192502421078
1721	86050	0.010435192502421078
1722	86100	0.010434002351020145
1723	86150	0.010434002351020145
1724	86200	0.010385191258450444
1725	86250	0.010385191258450444
1726	86300	0.010385191258450444
1727	86350	0.010385191258450444
1728	86400	0.010385191258450444
1729	86450	0.010385191258450444
1730	86500	0.010385191258450444
1731	86550	0.010385191258450444
1732	86600	0.010385191258450444
1733	86650	0.010385191258450444
1734	86700	0.010385191258450444
1735	86750	0.010385191258450444
1736	86800	0.010385191258450444
1737	86850	0.010385191258450444
1738	86900	0.010385191258450444
1739	86950	0.010365834188801012
1740	87000	0.01034670298772973
1741	87050	0.010321724544300751
1742	87100	0.010120517693372367
1743	87150	0.010120517693372367
1744	87200	0.010056044196244689
1745	87250	0.010056044196244689
1746	87300	0.010056044196244689
1747	87350	0.00999832978346236
1748	87400	0.00999832978346236
1749	87450	0.00999832978346236
1750	87500	0.00999832978346236
1751	87550	0.00999832978346236
1752	87600	0.009998210716419308
1753	87650	0.009998210716419308
1754	87700	0.009998210716419308
1755	87750	0.009998210716419308
1756	87800	0.009998210716419308
1757	87850	0.009998210716419308
1758	87900	0.009998210716419308
1759	87950	0.009998210716419308
1760	88000	0.00997819578196114
1761	88050	0.00997819578196114
1762	88100	0.00997819578196114
1763	88150	0.00997819578196114
1764	88200	0.00997819578196114
1765	88250	0.00997819578196114
1766	88300	0.00997819578196114
1767	88350	0.009960504745236085
1768	88400	0.009960504745236085
1769	88450	0.009960504745236085
1770	88500	0.009960504745236085
1771	88550	0.009960504745236085
1772	88600	0.009960504745236085
1773	88650	0.009960504745236085
1774	88700	0.009960504745236085
1775	88750	0.009960504745236085
1776	88800	0.009960504745236085
1777	88850	0.009960504745236085
1778	88900	0.009960504745236085
1779	88950	0.009928659188810442
1780	89000	0.009928659188810442
1781	89050	0.009924766543699812
1782	89100	0.00989496293272769
1783	89150	0.00989496293272769
1784	89200	0.00989496293272769
1785	89250	0.00989496293272769
1786	89300	0.00989496293272769
1787	89350	0.00989496293272769
1788	89400	0.00987667641171277
1789	89450	0.00987667641171277
1790	89500	0.009874249473388854
1791	89550	0.009874249473388854
1792	89600	0.009874249473388854
1793	89650	0.009874249473388854
1794	89700	0.009874249473388854
1795	89750	0.009868661931192221
1796	89800	0.009868661931192221
1797	89850	0.009868661931192221
1798	89900	0.009868661931192221
1799	89950	0.009868661931192221
1800	90000	0.009868661931192221
1801	90050	0.009868661931192221
1802	90100	0.009850982392506636
1803	90150	0.009850982392506636
1804	90200	0.009850982392506636
1805	90250	0.009850982392506636
1806	90300	0.00981220300358151
1807	90350	0.00981220300358151
1808	90400	0.00981220300358151
1809	90450	0.00981220300358151
1810	90500	0.00981220300358151
1811	90550	0.00980295662518397
1812	90600	0.00980295662518397
1813	90650	0.00980295662518397
1814	90700	0.00980295662518397
1815	90750	0.00980295662518397
1816	90800	0.00980295662518397
1817	90850	0.00980295662518397
1818	90900	0.00980295662518397
1819	90950	0.00980295662518397
1820	91000	0.00980295662518397
1821	91050	0.00980295662518397
1822	91100	0.00980295662518397
1823	91150	0.00980295662518397
1824	91200	0.00980295662518397
1825	91250	0.00980295662518397
1826	91300	0.00972381804411499
1827	91350	0.00972381804411499
1828	91400	0.00972381804411499
1829	91450	0.00970506514323517
1830	91500	0.00970506514323517
1831	91550	0.00970506514323517
1832	91600	0.00970506514323517
1833	91650	0.00970506514323517
1834	91700	0.00970506514323517
1835	91750	0.00970506514323517
1836	91800	0.00970506514323517
1837	91850	0.00970506514323517
1838	91900	0.00970506514323517
1839	91950	0.00970506514323517
1840	92000	0.00970506514323517
1841	92050	0.00970506514323517
1842	92100	0.00970506514323517
1843	92150	0.00970506514323517
1844	92200	0.00970506514323517
1845	92250	0.009683419619776095
1846	92300	0.009683419619776095
1847	92350	0.009683419619776095
1848	92400	0.009673225600217336
1849	92450	0.009673225600217336
1850	92500	0.009578557968867687
1851	92550	0.009578557968867687
1852	92600	0.009578557968867687
1853	92650	0.009578557968867687
1854	92700	0.009578557968867687
1855	92750	0.009578557968867687
1856	92800	0.009578557968867687
1857	92850	0.009578557968867687
1858	92900	0.009578557968867687
1859	92950	0.009578557968867687
1860	93000	0.009578557968867687
1861	93050	0.009578557968867687
1862	93100	0.00957604171668673
1863	93150	0.00957604171668673
1864	93200	0.00957604171668673
1865	93250	0.00957604171668673
1866	93300	0.00957604171668673
1867	93350	0.00957604171668673
1868	93400	0.00957604171668673
1869	93450	0.00957604171668673
1870	93500	0.00957604171668673
1871	93550	0.00957604171668673
1872	93600	0.00957604171668673
1873	93650	0.00957604171668673
1874	93700	0.00957604171668673
1875	93750	0.00957604171668673
1876	93800	0.0095632694742919
1877	93850	0.009440740131323299
1878	93900	0.009440740131323299
1879	93950	0.009440740131323299
1880	94000	0.009440740131323299
1881	94050	0.009440740131323299
1882	94100	0.009440740131323299
1883	94150	0.009440740131323299
1884	94200	0.009440740131323299
1885	94250	0.009440740131323299
1886	94300	0.009440740131323299
1887	94350	0.009440740131323299
1888	94400	0.009440740131323299
1889	94450	0.009440740131323299
1890	94500	0.009440740131323299
1891	94550	0.009440740131323299
1892	94600	0.009440740131323299
1893	94650	0.009440740131323299
1894	94700	0.009409827454450964
1895	94750	0.009378206835534805
1896	94800	0.009378206835534805
1897	94850	0.009378206835534805
1898	94900	0.009378206835534805
1899	94950	0.009373732786217568
1900	95000	0.009373732786217568
1901	95050	0.009373732786217568
1902	95100	0.009317822673160638
1903	95150	0.009238349462667403
1904	95200	0.009238349462667403
1905	95250	0.009238349462667403
1906	95300	0.009238349462667403
1907	95350	0.009238349462667403
1908	95400	0.009238349462667403
1909	95450	0.009238349462667403
1910	95500	0.009238349462667403
1911	95550	0.009238349462667403
1912	95600	0.009238349462667403
1913	95650	0.009238349462667403
1914	95700	0.009190807122989838
1915	95750	0.009190807122989838
1916	95800	0.009190807122989838
1917	95850	0.009190807122989838
1918	95900	0.009190807122989838
1919	95950	0.009190807122989838
1920	96000	0.00916893857427164
1921	96050	0.00916893857427164
1922	96100	0.00916893857427164
1923	96150	0.00916893857427164
1924	96200	0.00916893857427164
1925	96250	0.00916893857427164
1926	96300	0.009026102778240005
1927	96350	0.009026102778240005
1928	96400	0.009026102778240005
1929	96450	0.009026102778240005
1930	96500	0.009026102778240005
1931	96550	0.009026102778240005
1932	96600	0.009026102778240005
1933	96650	0.009026102778240005
1934	96700	0.009026102778240005
1935	96750	0.009026102778240005
1936	96800	0.009026102778240005
1937	96850	0.009026102778240005
1938	96900	0.009026102778240005
1939	96950	0.008964014305815029
1940	97000	0.008964014305815029
1941	97050	0.008964014305815029
1942	97100	0.008964014305815029
1943	97150	0.008964014305815029
1944	97200	0.008964014305815029
1945	97250	0.008964014305815029
1946	97300	0.008964014305815029
1947	97350	0.008964014305815029
1948	97400	0.008964014305815029
1949	97450	0.008665262836263208
1950	97500	0.008665262836263208
1951	97550	0.008665262836263208
1952	97600	0.008665262836263208
1953	97650	0.008665262836263208
1954	97700	0.008665262836263208
1955	97750	0.008665262836263208
1956	97800	0.008665262836263208
1957	97850	0.008665262836263208
1958	97900	0.008596261058192218
1959	97950	0.008596261058192218
1960	98000	0.00854928448516228
1961	98050	0.00854928448516228
1962	98100	0.00854928448516228
1963	98150	0.00854928448516228
1964	98200	0.00854928448516228
1965	98250	0.00854928448516228
1966	98300	0.00854928448516228
1967	98350	0.00854928448516228
1968	98400	0.008511921770645435
1969	98450	0.008511921770645435
1970	98500	0.008505074171794757
1971	98550	0.00849622899748247
1972	98600	0.008448369695647351
1973	98650	0.008448369695647351
1974	98700	0.008433441092492864
1975	98750	0.008433441092492864
1976	98800	0.008433441092492864
1977	98850	0.008421355108550207
1978	98900	0.008421355108550207
1979	98950	0.008421355108550207
1980	99000	0.008385083678624223
1981	99050	0.008385083678624223
1982	99100	0.008385083678624223
1983	99150	0.008385083678624223
1984	99200	0.008385083678624223
1985	99250	0.008385083678624223
1986	99300	0.008385083678624223
1987	99350	0.008385083678624223
1988	99400	0.008385083678624223
1989	99450	0.008385083678624223
1990	99500	0.008385083678624223
1991	99550	0.008385083678624223
1992	99600	0.008385083678624223
1993	99650	0.008385083678624223
1994	99700	0.008385083678624223
1995	99750	0.008385083678624223
1996	99800	0.008366422643520844
1997	99850	0.008366422643520844
1998	99900	0.008366422643520844
1999	99950	0.008361828240927374
2000	100000	0.008361828240927374
