1	50	521.4643759552705
2	100	330.6617878793513
3	150	225.14222195170402
4	200	177.70132776654938
5	250	141.5072255110756
6	300	107.70622470733463
7	350	86.85926864221304
8	400	69.2367163844582
9	450	62.02333760259363
10	500	51.5890673358331
11	550	39.730791145233255
12	600	35.024130904794276
13	650	28.78474858537252
14	700	22.96463508990435
15	750	20.195535823115424
16	800	17.955172606422128
17	850	16.573444916953168
18	900	15.13690581684223
19	950	14.243994214072748
20	1000	13.248879013050743
21	1050	11.932420683229434
22	1100	10.444129318371925
23	1150	9.988777933733507
24	1200	9.01995551620621
25	1250	8.034294655540213
26	1300	7.214165922915642
27	1350	7.037000873782418
28	1400	6.289818164948258
29	1450	5.672563058731415
30	1500	5.31753173178933
31	1550	4.827570217138982
32	1600	4.522921124573631
33	1650	4.043552137080295
34	1700	3.8886695450359583
35	1750	3.6654935990266453
36	1800	3.5066615256197737
37	1850	3.274274085633168
38	1900	3.1798798834556115
39	1950	2.8348924129382533
40	2000	2.828333269741946
41	2050	2.6344678824220775
42	2100	2.456318028069148
43	2150	2.3218964444865806
44	2200	2.2775182744369937
45	2250	2.191060275554828
46	2300	2.1161409775176043
47	2350	1.9677004408985108
48	2400	1.9257312422011137
49	2450	1.8878276490469452
50	2500	1.8713248071484472
51	2550	1.7116831296630877
52	2600	1.657278067368718
53	2650	1.4911856080740542
54	2700	1.4368017780226656
55	2750	1.3538088919881637
56	2800	1.1748669761906707
57	2850	1.0716464475722016
58	2900	1.0486758697497591
59	2950	0.9891546345280947
60	3000	0.9562765960590018
61	3050	0.9413154685169675
62	3100	0.9301737405555329
63	3150	0.8833417837553981
64	3200	0.8684931205381139
65	3250	0.8461810002449262
66	3300	0.7841272063582337
67	3350	0.7760382899024603
68	3400	0.6852169803585394
69	3450	0.6800886389520366
70	3500	0.6496682286350485
71	3550	0.6100231318114355
72	3600	0.5990316539559921
73	3650	0.5853261250308192
74	3700	0.5689637267841171
75	3750	0.5070455786252899
76	3800	0.48853392797429607
77	3850	0.48054915777186286
78	3900	0.4747001378451471
79	3950	0.46824367413759765
80	4000	0.464251348098386
81	4050	0.46006675855143986
82	4100	0.45502404039620015
83	4150	0.44205078205224757
84	4200	0.4361886092264179
85	4250	0.4217327762600965
86	4300	0.4075923534656381
87	4350	0.3944717074617414
88	4400	0.38778646742097644
89	4450	0.3796647964890377
90	4500	0.36535104804021235
91	4550	0.35727645915384876
92	4600	0.3410778555689438
93	4650	0.3376760979148437
94	4700	0.32902330145421727
95	4750	0.32760301852849694
96	4800	0.32726758676123247
97	4850	0.3258236651541373
98	4900	0.3258236651541373
99	4950	0.3167542152845358
100	5000	0.3126670285735059
101	5050	0.308771695054452
102	5100	0.3039183743870673
103	5150	0.30283208063343253
104	5200	0.3026298027414486
105	5250	0.2838630488846358
106	5300	0.26527724892598065
107	5350	0.2644609934754491
108	5400	0.25422516547577273
109	5450	0.24863064501044269
110	5500	0.23005979230553847
111	5550	0.2241742223548949
112	5600	0.22407356416650392
113	5650	0.21824737489522694
114	5700	0.21618777531756442
115	5750	0.20975768458255944
116	5800	0.20828982838538238
117	5850	0.20629086430749316
118	5900	0.20446410851700886
119	5950	0.20299290877744416
120	6000	0.20140213590348618
121	6050	0.1806967247047128
122	6100	0.17997221747471442
123	6150	0.17833563574754696
124	6200	0.17191384113203284
125	6250	0.17191384113203284
126	6300	0.16881178685091514
127	6350	0.16728622969722287
128	6400	0.1591321796324988
129	6450	0.15862914325522398
130	6500	0.15694783320440983
131	6550	0.1530013246293532
132	6600	0.1512231555281443
133	6650	0.1512231555281443
134	6700	0.1512231555281443
135	6750	0.1495383753897103
136	6800	0.14940754860211614
137	6850	0.1481191337484448
138	6900	0.1410757030813472
139	6950	0.1391462670060662
140	7000	0.137385937983103
141	7050	0.137385937983103
142	7100	0.1296039863564952
143	7150	0.12575203060034829
144	7200	0.12575203060034829
145	7250	0.11962642903805443
146	7300	0.11853022525263232
147	7350	0.11813630727913718
148	7400	0.11513919719919893
149	7450	0.11513919719919893
150	7500	0.11513919719919893
151	7550	0.11437611794439306
152	7600	0.11437611794439306
153	7650	0.11032904145481226
154	7700	0.10896517451874055
155	7750	0.10787444546454102
156	7800	0.1036211343840195
157	7850	0.10222330410043098
158	7900	0.09857763966645165
159	7950	0.09808669236544079
160	8000	0.09808669236544079
161	8050	0.09158041037843145
162	8100	0.09158041037843145
163	8150	0.08890602867819487
164	8200	0.08841161936558345
165	8250	0.08738784635443464
166	8300	0.08582071663729257
167	8350	0.08582071663729257
168	8400	0.0829986369069262
169	8450	0.07810434703992289
170	8500	0.07133030720475378
171	8550	0.06626526351693116
172	8600	0.06621409790160429
173	8650	0.06611095375887746
174	8700	0.06550782192027858
175	8750	0.06540997866229822
176	8800	0.06302603927724373
177	8850	0.06302603927724373
178	8900	0.06302603927724373
179	8950	0.06261986223444059
180	9000	0.062375388947403555
181	9050	0.06126051442371068
182	9100	0.05719185531460136
183	9150	0.05715072755492155
184	9200	0.05710189539426695
185	9250	0.05437001684700571
186	9300	0.054351725593693556
187	9350	0.05402101953804546
188	9400	0.05402101953804546
189	9450	0.05402101953804546
190	9500	0.05118011372555491
191	9550	0.05118011372555491
192	9600	0.05118011372555491
193	9650	0.050650951251771915
194	9700	0.050650951251771915
195	9750	0.050650951251771915
196	9800	0.05039864408203197
197	9850	0.05039864408203197
198	9900	0.04869715182213258
199	9950	0.04869715182213258
200	10000	0.04869715182213258
201	10050	0.04869715182213258
202	10100	0.04847027438574879
203	10150	0.04842151660441491
204	10200	0.04790437213654657
205	10250	0.04790437213654657
206	10300	0.04790437213654657
207	10350	0.04680820642875262
208	10400	0.046216490589442744
209	10450	0.046216490589442744
210	10500	0.04518882416843512
211	10550	0.04459059292427415
212	10600	0.04408181932011722
213	10650	0.04407551031092015
214	10700	0.04407551031092015
215	10750	0.04407551031092015
216	10800	0.04407551031092015
217	10850	0.04407551031092015
218	10900	0.043220033833335975
219	10950	0.04294177604189078
220	11000	0.042394004663023364
221	11050	0.042394004663023364
222	11100	0.042394004663023364
223	11150	0.042364297259359945
224	11200	0.04211289619496232
225	11250	0.039525759523285076
226	11300	0.039525759523285076
227	11350	0.039525759523285076
228	11400	0.039525759523285076
229	11450	0.03943148025612314
230	11500	0.03943148025612314
231	11550	0.03943148025612314
232	11600	0.03936514119425362
233	11650	0.03936514119425362
234	11700	0.03936514119425362
235	11750	0.03936514119425362
236	11800	0.03929240716196812
237	11850	0.03908396661292575
238	11900	0.0387773661363371
239	11950	0.0387773661363371
240	12000	0.037859261493318086
241	12050	0.037859261493318086
242	12100	0.0377903952853417
243	12150	0.03740292338660469
244	12200	0.036488256238295665
245	12250	0.03631498232352768
246	12300	0.03559189252550247
247	12350	0.035255496470921355
248	12400	0.035226199484309516
249	12450	0.035226199484309516
250	12500	0.035226199484309516
251	12550	0.035159024523202256
252	12600	0.035159024523202256
253	12650	0.035159024523202256
254	12700	0.035150767379252844
255	12750	0.035150767379252844
256	12800	0.035150767379252844
257	12850	0.035150767379252844
258	12900	0.03504723937322767
259	12950	0.03504723937322767
260	13000	0.034499471219867184
261	13050	0.034499471219867184
262	13100	0.03414753712487607
263	13150	0.03406573953181551
264	13200	0.03406573953181551
265	13250	0.03406573953181551
266	13300	0.0340089936135207
267	13350	0.0340089936135207
268	13400	0.0340089936135207
269	13450	0.0340089936135207
270	13500	0.0340089936135207
271	13550	0.0340089936135207
272	13600	0.03379076477576087
273	13650	0.03369304731315082
274	13700	0.03369304731315082
275	13750	0.03369304731315082
276	13800	0.032866113317676984
277	13850	0.03246317396070339
278	13900	0.03228986832442094
279	13950	0.03228925191831909
280	14000	0.03228925191831909
281	14050	0.03228925191831909
282	14100	0.03225418479424665
283	14150	0.029539646695140937
284	14200	0.029539646695140937
285	14250	0.02830990071600108
286	14300	0.02830990071600108
287	14350	0.02829260562714863
288	14400	0.02829260562714863
289	14450	0.028049257716534465
290	14500	0.028049257716534465
291	14550	0.028049257716534465
292	14600	0.0280157919606139
293	14650	0.0280157919606139
294	14700	0.027028121400068345
295	14750	0.02690555668354836
296	14800	0.02690555668354836
297	14850	0.02690555668354836
298	14900	0.02690555668354836
299	14950	0.02637601026827806
300	15000	0.02577100199099801
301	15050	0.02577100199099801
302	15100	0.02577100199099801
303	15150	0.02577100199099801
304	15200	0.02576287783293854
305	15250	0.02576287783293854
306	15300	0.02576287783293854
307	15350	0.02576287783293854
308	15400	0.02576287783293854
309	15450	0.02576287783293854
310	15500	0.023539211838728848
311	15550	0.02321082656394484
312	15600	0.02321082656394484
313	15650	0.02321082656394484
314	15700	0.022233287651292358
315	15750	0.022197487582211472
316	15800	0.022197487582211472
317	15850	0.022189367446605546
318	15900	0.022189367446605546
319	15950	0.022189367446605546
320	16000	0.022189367446605546
321	16050	0.022189367446605546
322	16100	0.02217585700334372
323	16150	0.021976761082362538
324	16200	0.021190180021708138
325	16250	0.021190180021708138
326	16300	0.021190180021708138
327	16350	0.021190180021708138
328	16400	0.020984432128162728
329	16450	0.020796450183103846
330	16500	0.020796450183103846
331	16550	0.02065905746766281
332	16600	0.020619519405668994
333	16650	0.020619519405668994
334	16700	0.020619519405668994
335	16750	0.019896314522194706
336	16800	0.019896314522194706
337	16850	0.01989513166014337
338	16900	0.01989513166014337
339	16950	0.019835458506285958
340	17000	0.019793105363079298
341	17050	0.019793105363079298
342	17100	0.019793105363079298
343	17150	0.01963062439282966
344	17200	0.01902229338653682
345	17250	0.01902229338653682
346	17300	0.01902229338653682
347	17350	0.01902229338653682
348	17400	0.01899810637207083
349	17450	0.01899810637207083
350	17500	0.01899810637207083
351	17550	0.01899810637207083
352	17600	0.01899810637207083
353	17650	0.01899810637207083
354	17700	0.018576900243709428
355	17750	0.018576900243709428
356	17800	0.018576900243709428
357	17850	0.018576900243709428
358	17900	0.018576900243709428
359	17950	0.018576900243709428
360	18000	0.01803295618106032
361	18050	0.018014665817214677
362	18100	0.018014665817214677
363	18150	0.018002916693361886
364	18200	0.018002916693361886
365	18250	0.018002916693361886
366	18300	0.017997551197046414
367	18350	0.01770550885652602
368	18400	0.015418191368357176
369	18450	0.015418191368357176
370	18500	0.014612641846978833
371	18550	0.014612641846978833
372	18600	0.01446394142393917
373	18650	0.01446394142393917
374	18700	0.01446394142393917
375	18750	0.01446394142393917
376	18800	0.014103422695053316
377	18850	0.014103422695053316
378	18900	0.012569371362519541
379	18950	0.012569371362519541
380	19000	0.012474276086724693
381	19050	0.012474276086724693
382	19100	0.012474276086724693
383	19150	0.012293778984207002
384	19200	0.012293778984207002
385	19250	0.012293778984207002
386	19300	0.012293778984207002
387	19350	0.012259369854335964
388	19400	0.012259369854335964
389	19450	0.012259369854335964
390	19500	0.012259369854335964
391	19550	0.012259369854335964
392	19600	0.012205130845818443
393	19650	0.012205130845818443
394	19700	0.012137413099538233
395	19750	0.012079335841041011
396	19800	0.012063157595010948
397	19850	0.012063157595010948
398	19900	0.012063157595010948
399	19950	0.012063157595010948
400	20000	0.01198193086488325
401	20050	0.011733010836845881
402	20100	0.011733010836845881
403	20150	0.01156999365185015
404	20200	0.011521903962348673
405	20250	0.011521903962348673
406	20300	0.011521903962348673
407	20350	0.011507920752890453
408	20400	0.011487676318924962
409	20450	0.011487676318924962
410	20500	0.011474779744848557
411	20550	0.011474779744848557
412	20600	0.011429194497816823
413	20650	0.011429194497816823
414	20700	0.011429194497816823
415	20750	0.011429194497816823
416	20800	0.011429194497816823
417	20850	0.011331495056115628
418	20900	0.011331495056115628
419	20950	0.011331495056115628
420	21000	0.011331495056115628
421	21050	0.01047574376671657
422	21100	0.01047574376671657
423	21150	0.01047574376671657
424	21200	0.01047574376671657
425	21250	0.01047574376671657
426	21300	0.01047574376671657
427	21350	0.010432764517157092
428	21400	0.010432764517157092
429	21450	0.010432764517157092
430	21500	0.010432764517157092
431	21550	0.010323212649824892
432	21600	0.009813890134876435
433	21650	0.009813890134876435
434	21700	0.009813890134876435
435	21750	0.009803557980486089
436	21800	0.009487214763896919
437	21850	0.009469888822315552
438	21900	0.009469888822315552
439	21950	0.009467749818426222
440	22000	0.009419483196341661
441	22050	0.009419483196341661
442	22100	0.009326517975489165
443	22150	0.00926759544752662
444	22200	0.00926759544752662
445	22250	0.009220524105326021
446	22300	0.009108689078844816
447	22350	0.009108689078844816
448	22400	0.009108689078844816
449	22450	0.009108689078844816
450	22500	0.009108689078844816
451	22550	0.009002320060207517
452	22600	0.009002320060207517
453	22650	0.00899894219894358
454	22700	0.00899894219894358
455	22750	0.008877582858312728
456	22800	0.008877582858312728
457	22850	0.008877582858312728
458	22900	0.008877582858312728
459	22950	0.008877582858312728
460	23000	0.008877582858312728
461	23050	0.008877582858312728
462	23100	0.008877582858312728
463	23150	0.008877582858312728
464	23200	0.008612487515677256
465	23250	0.008612487515677256
466	23300	0.00860776433285139
467	23350	0.00860776433285139
468	23400	0.008596744924603428
469	23450	0.008596744924603428
470	23500	0.008539049721165136
471	23550	0.008397346992904333
472	23600	0.008397346992904333
473	23650	0.008395649765329825
474	23700	0.008395649765329825
475	23750	0.008264833573882037
476	23800	0.0082116262935553
477	23850	0.008189674880908548
478	23900	0.008176066322882765
479	23950	0.008167858899124976
480	24000	0.008167858899124976
481	24050	0.008167858899124976
482	24100	0.008167858899124976
483	24150	0.008167858899124976
484	24200	0.008167858899124976
485	24250	0.008167858899124976
486	24300	0.008023798734028963
487	24350	0.008023798734028963
488	24400	0.008023798734028963
489	24450	0.008020846681798947
490	24500	0.008020846681798947
491	24550	0.008020846681798947
492	24600	0.008020846681798947
493	24650	0.008020846681798947
494	24700	0.008020846681798947
495	24750	0.008020846681798947
496	24800	0.007857045464655297
497	24850	0.007857045464655297
498	24900	0.007857045464655297
499	24950	0.007797356284624158
500	25000	0.007781829231377458
501	25050	0.007781829231377458
502	25100	0.007781829231377458
503	25150	0.007781829231377458
504	25200	0.007765715123511892
505	25250	0.007765715123511892
506	25300	0.007765715123511892
507	25350	0.007765715123511892
508	25400	0.007765715123511892
509	25450	0.0077354551459192815
510	25500	0.0077354551459192815
511	25550	0.0077354551459192815
512	25600	0.007699380141188232
513	25650	0.007699380141188232
514	25700	0.007699380141188232
515	25750	0.007699380141188232
516	25800	0.007699380141188232
517	25850	0.007699380141188232
518	25900	0.007699380141188232
519	25950	0.007699380141188232
520	26000	0.007580604011811357
521	26050	0.007580604011811357
522	26100	0.007529528608789825
523	26150	0.007529528608789825
524	26200	0.0071940982062220285
525	26250	0.007187545716956742
526	26300	0.007187545716956742
527	26350	0.007187545716956742
528	26400	0.007187545716956742
529	26450	0.0065747648540273205
530	26500	0.0065747648540273205
531	26550	0.0065747648540273205
532	26600	0.0065427982227988695
533	26650	0.0065427982227988695
534	26700	0.0065427982227988695
535	26750	0.0065392550397616
536	26800	0.00640607015684175
537	26850	0.00640607015684175
538	26900	0.00640607015684175
539	26950	0.00640607015684175
540	27000	0.00640607015684175
541	27050	0.006378851392128296
542	27100	0.006378851392128296
543	27150	0.006360564246867774
544	27200	0.006306478838083225
545	27250	0.006304702879118031
546	27300	0.006304702879118031
547	27350	0.006304702879118031
548	27400	0.006287044501668848
549	27450	0.006287044501668848
550	27500	0.006280301276980087
551	27550	0.006220326037577726
552	27600	0.006132760539414349
553	27650	0.006132760539414349
554	27700	0.006049927287191722
555	27750	0.006049927287191722
556	27800	0.006049927287191722
557	27850	0.0060317428878612165
558	27900	0.0060317428878612165
559	27950	0.0060317428878612165
560	28000	0.0060317428878612165
561	28050	0.0060317428878612165
562	28100	0.0060317428878612165
563	28150	0.006023339007242613
564	28200	0.006023339007242613
565	28250	0.006023339007242613
566	28300	0.005984443768329328
567	28350	0.005984443768329328
568	28400	0.005984443768329328
569	28450	0.005984443768329328
570	28500	0.0059793403460587456
571	28550	0.0059421856875157405
572	28600	0.0059421856875157405
573	28650	0.0059421856875157405
574	28700	0.0059421856875157405
575	28750	0.0059421856875157405
576	28800	0.005899206565779713
577	28850	0.005899206565779713
578	28900	0.005899206565779713
579	28950	0.005899206565779713
580	29000	0.005899206565779713
581	29050	0.005899206565779713
582	29100	0.005899206565779713
583	29150	0.005899206565779713
584	29200	0.005899206565779713
585	29250	0.005899206565779713
586	29300	0.005899206565779713
587	29350	0.005899206565779713
588	29400	0.005899206565779713
589	29450	0.00587967248488681
590	29500	0.00587967248488681
591	29550	0.00587967248488681
592	29600	0.00587967248488681
593	29650	0.005794432699663758
594	29700	0.005794432699663758
595	29750	0.005794432699663758
596	29800	0.005794432699663758
597	29850	0.005794432699663758
598	29900	0.005754908827552362
599	29950	0.005754908827552362
600	30000	0.005754908827552362
601	30050	0.005754908827552362
602	30100	0.005598644304956497
603	30150	0.005598644304956497
604	30200	0.00557605934166055
605	30250	0.00557605934166055
606	30300	0.00557605934166055
607	30350	0.005509220421058713
608	30400	0.005509220421058713
609	30450	0.005509220421058713
610	30500	0.005509220421058713
611	30550	0.005509220421058713
612	30600	0.005509220421058713
613	30650	0.005509220421058713
614	30700	0.005509220421058713
615	30750	0.005500750354651955
616	30800	0.005500750354651955
617	30850	0.005500750354651955
618	30900	0.005500750354651955
619	30950	0.005500750354651955
620	31000	0.005500750354651955
621	31050	0.005500750354651955
622	31100	0.005499214546560269
623	31150	0.005499214546560269
624	31200	0.005499214546560269
625	31250	0.005499214546560269
626	31300	0.005499214546560269
627	31350	0.005499214546560269
628	31400	0.005430917220872298
629	31450	0.005430917220872298
630	31500	0.005429098253576752
631	31550	0.005429098253576752
632	31600	0.005428802745831305
633	31650	0.005414600520624889
634	31700	0.005414600520624889
635	31750	0.005414600520624889
636	31800	0.005407704767402298
637	31850	0.005407704767402298
638	31900	0.005177736824506518
639	31950	0.005177736824506518
640	32000	0.005177736824506518
641	32050	0.005177736824506518
642	32100	0.005177736824506518
643	32150	0.005177736824506518
644	32200	0.005177736824506518
645	32250	0.005177493604195677
646	32300	0.005174655642690418
647	32350	0.005140483556479606
648	32400	0.005140483556479606
649	32450	0.005140483556479606
650	32500	0.005140483556479606
651	32550	0.005140483556479606
652	32600	0.005125912075094475
653	32650	0.005125008242166088
654	32700	0.005125008242166088
655	32750	0.005125008242166088
656	32800	0.005125008242166088
657	32850	0.005125008242166088
658	32900	0.005121436128840728
659	32950	0.005121436128840728
660	33000	0.005121436128840728
661	33050	0.005121436128840728
662	33100	0.005121436128840728
663	33150	0.005121436128840728
664	33200	0.005121436128840728
665	33250	0.005037415484443458
666	33300	0.005037415484443458
667	33350	0.005037415484443458
668	33400	0.005037415484443458
669	33450	0.005037415484443458
670	33500	0.005004071091672816
671	33550	0.005004071091672816
672	33600	0.005004071091672816
673	33650	0.005004071091672816
674	33700	0.005004071091672816
675	33750	0.005004071091672816
676	33800	0.005004071091672816
677	33850	0.005004071091672816
678	33900	0.004986609765260689
679	33950	0.004986609765260689
680	34000	0.004986609765260689
681	34050	0.004986609765260689
682	34100	0.004986609765260689
683	34150	0.004986609765260689
684	34200	0.004908715555451907
685	34250	0.004908715555451907
686	34300	0.004908715555451907
687	34350	0.004908715555451907
688	34400	0.004908715555451907
689	34450	0.004907632230602972
690	34500	0.004907632230602972
691	34550	0.004907632230602972
692	34600	0.004907632230602972
693	34650	0.004907632230602972
694	34700	0.004907632230602972
695	34750	0.004907632230602972
696	34800	0.004907632230602972
697	34850	0.004896697017770453
698	34900	0.004893330957981948
699	34950	0.004893330957981948
700	35000	0.004893330957981948
701	35050	0.004893330957981948
702	35100	0.0048932270076474
703	35150	0.0048932270076474
704	35200	0.0048932270076474
705	35250	0.0048932270076474
706	35300	0.0048932270076474
707	35350	0.0048932270076474
708	35400	0.0048932270076474
709	35450	0.0048932270076474
710	35500	0.0048932270076474
711	35550	0.0048932270076474
712	35600	0.0048932270076474
713	35650	0.0048932270076474
714	35700	0.0048932270076474
715	35750	0.0048932270076474
716	35800	0.0048932270076474
717	35850	0.0048932270076474
718	35900	0.004885560542601633
719	35950	0.004885560542601633
720	36000	0.004885560542601633
721	36050	0.004876167619569801
722	36100	0.004795469534261467
723	36150	0.004795469534261467
724	36200	0.004795469534261467
725	36250	0.004795469534261467
726	36300	0.004795469534261467
727	36350	0.004763730080377489
728	36400	0.004763730080377489
729	36450	0.004763730080377489
730	36500	0.0047414165162674785
731	36550	0.004732991573703821
732	36600	0.004707330676410724
733	36650	0.004707330676410724
734	36700	0.004707330676410724
735	36750	0.004588993242814981
736	36800	0.004588993242814981
737	36850	0.004588993242814981
738	36900	0.004588993242814981
739	36950	0.004588993242814981
740	37000	0.004588993242814981
741	37050	0.004588993242814981
742	37100	0.004588993242814981
743	37150	0.004588993242814981
744	37200	0.004588993242814981
745	37250	0.004588993242814981
746	37300	0.004588993242814981
747	37350	0.004588993242814981
748	37400	0.004588993242814981
749	37450	0.004588993242814981
750	37500	0.004588993242814981
751	37550	0.004588993242814981
752	37600	0.00454962823209919
753	37650	0.00454962823209919
754	37700	0.00454962823209919
755	37750	0.00454962823209919
756	37800	0.00454962823209919
757	37850	0.004504025278760954
758	37900	0.004504025278760954
759	37950	0.004504025278760954
760	38000	0.004438836752756513
761	38050	0.004438836752756513
762	38100	0.004438836752756513
763	38150	0.004438836752756513
764	38200	0.004402898385106864
765	38250	0.004402898385106864
766	38300	0.004389613017050812
767	38350	0.004389613017050812
768	38400	0.004366666122490047
769	38450	0.004366666122490047
770	38500	0.004366666122490047
771	38550	0.004366666122490047
772	38600	0.004358843626880265
773	38650	0.004358843626880265
774	38700	0.004352295965158671
775	38750	0.004352295965158671
776	38800	0.004337105456593063
777	38850	0.004335798841942945
778	38900	0.004335798841942945
779	38950	0.004335798841942945
780	39000	0.004335798841942945
781	39050	0.004335798841942945
782	39100	0.004335798841942945
783	39150	0.004335798841942945
784	39200	0.004335798841942945
785	39250	0.004335798841942945
786	39300	0.004335798841942945
787	39350	0.0043094072529795595
788	39400	0.0043094072529795595
789	39450	0.0043094072529795595
790	39500	0.0043094072529795595
791	39550	0.0043094072529795595
792	39600	0.0043094072529795595
793	39650	0.0043094072529795595
794	39700	0.0043094072529795595
795	39750	0.004299752702882947
796	39800	0.0042951926571644745
797	39850	0.0042951926571644745
798	39900	0.004289421212081476
799	39950	0.004289421212081476
800	40000	0.004289421212081476
801	40050	0.004254266458634146
802	40100	0.004254266458634146
803	40150	0.004249775736754429
804	40200	0.004249775736754429
805	40250	0.004249775736754429
806	40300	0.004249775736754429
807	40350	0.004249775736754429
808	40400	0.004249775736754429
809	40450	0.004249775736754429
810	40500	0.004249775736754429
811	40550	0.004249775736754429
812	40600	0.004249775736754429
813	40650	0.004249775736754429
814	40700	0.004249775736754429
815	40750	0.00399281318489724
816	40800	0.00399281318489724
817	40850	0.00399281318489724
818	40900	0.00399281318489724
819	40950	0.003593002000798877
820	41000	0.003593002000798877
821	41050	0.003593002000798877
822	41100	0.003593002000798877
823	41150	0.003593002000798877
824	41200	0.003593002000798877
825	41250	0.003593002000798877
826	41300	0.003593002000798877
827	41350	0.003593002000798877
828	41400	0.003593002000798877
829	41450	0.003593002000798877
830	41500	0.003593002000798877
831	41550	0.003593002000798877
832	41600	0.003433118116272944
833	41650	0.003433118116272944
834	41700	0.003433118116272944
835	41750	0.003433118116272944
836	41800	0.003433118116272944
837	41850	0.003433118116272944
838	41900	0.003433118116272944
839	41950	0.0033443824698968774
840	42000	0.0033443824698968774
841	42050	0.0033443824698968774
842	42100	0.0033443824698968774
843	42150	0.0033443824698968774
844	42200	0.0033443824698968774
845	42250	0.0033443824698968774
846	42300	0.0033443824698968774
847	42350	0.0033443824698968774
848	42400	0.0033443824698968774
849	42450	0.0033443824698968774
850	42500	0.0033435212040382432
851	42550	0.0033424792282884183
852	42600	0.0033424792282884183
853	42650	0.0033340963430457176
854	42700	0.0033340963430457176
855	42750	0.0033340963430457176
856	42800	0.003330064859058962
857	42850	0.003330064859058962
858	42900	0.003330064859058962
859	42950	0.0032886949230835107
860	43000	0.0032886949230835107
861	43050	0.0032886949230835107
862	43100	0.0032886949230835107
863	43150	0.0032886949230835107
864	43200	0.0032886949230835107
865	43250	0.0032886949230835107
866	43300	0.0032886949230835107
867	43350	0.003246883238101215
868	43400	0.003246883238101215
869	43450	0.003246883238101215
870	43500	0.003246883238101215
871	43550	0.003246883238101215
872	43600	0.003246883238101215
873	43650	0.003246883238101215
874	43700	0.003246883238101215
875	43750	0.003246883238101215
876	43800	0.003246883238101215
877	43850	0.003246883238101215
878	43900	0.003246883238101215
879	43950	0.003246883238101215
880	44000	0.003246883238101215
881	44050	0.003246883238101215
882	44100	0.0032106484269212423
883	44150	0.0032106484269212423
884	44200	0.0032106484269212423
885	44250	0.003206750886812272
886	44300	0.003206750886812272
887	44350	0.003206750886812272
888	44400	0.003206750886812272
889	44450	0.003206750886812272
890	44500	0.0031491994902420745
891	44550	0.0031491994902420745
892	44600	0.0031491994902420745
893	44650	0.0031491994902420745
894	44700	0.0031491994902420745
895	44750	0.0031491994902420745
896	44800	0.0031491994902420745
897	44850	0.0031491994902420745
898	44900	0.0031491994902420745
899	44950	0.0031491994902420745
900	45000	0.0029899021174841006
901	45050	0.0029899021174841006
902	45100	0.0029899021174841006
903	45150	0.0029446243400192895
904	45200	0.0029316739464469443
905	45250	0.0029316739464469443
906	45300	0.0029316739464469443
907	45350	0.0029316739464469443
908	45400	0.0029316739464469443
909	45450	0.0029316739464469443
910	45500	0.0029316739464469443
911	45550	0.0029316739464469443
912	45600	0.0029316739464469443
913	45650	0.0029316739464469443
914	45700	0.0029316739464469443
915	45750	0.0029316739464469443
916	45800	0.0029316739464469443
917	45850	0.0029316739464469443
918	45900	0.0029316739464469443
919	45950	0.0029316739464469443
920	46000	0.0029316739464469443
921	46050	0.0029316739464469443
922	46100	0.0028303409298511208
923	46150	0.0028303409298511208
924	46200	0.0028303409298511208
925	46250	0.0028303409298511208
926	46300	0.0028253478872818363
927	46350	0.0028253478872818363
928	46400	0.0028253478872818363
929	46450	0.0028253478872818363
930	46500	0.0027901436143364755
931	46550	0.0027895429472127664
932	46600	0.0027895429472127664
933	46650	0.0027832286257800307
934	46700	0.0027832286257800307
935	46750	0.0027832286257800307
936	46800	0.0027832286257800307
937	46850	0.0027832286257800307
938	46900	0.0027832286257800307
939	46950	0.0027832286257800307
940	47000	0.0027832286257800307
941	47050	0.0027832286257800307
942	47100	0.0027832286257800307
943	47150	0.0027832286257800307
944	47200	0.0027832286257800307
945	47250	0.002774805930145439
946	47300	0.002774805930145439
947	47350	0.002774805930145439
948	47400	0.0027546708325023326
949	47450	0.0027546708325023326
950	47500	0.0027546708325023326
951	47550	0.0027546708325023326
952	47600	0.0027546708325023326
953	47650	0.0027546708325023326
954	47700	0.0027410426822116517
955	47750	0.0027307938214511415
956	47800	0.0027307938214511415
957	47850	0.0027307938214511415
958	47900	0.0027307938214511415
959	47950	0.002726177204705055
960	48000	0.002726177204705055
961	48050	0.002726177204705055
962	48100	0.002726177204705055
963	48150	0.002726177204705055
964	48200	0.002726177204705055
965	48250	0.002726177204705055
966	48300	0.002726177204705055
967	48350	0.002726177204705055
968	48400	0.0027080222506368316
969	48450	0.0027080222506368316
970	48500	0.0027080222506368316
971	48550	0.0027080222506368316
972	48600	0.0027080222506368316
973	48650	0.0027080222506368316
974	48700	0.0027029674310317425
975	48750	0.0027029674310317425
976	48800	0.0027029674310317425
977	48850	0.0027029674310317425
978	48900	0.0027029674310317425
979	48950	0.0027029674310317425
980	49000	0.0026951721658494956
981	49050	0.0026951721658494956
982	49100	0.0026951721658494956
983	49150	0.0026951721658494956
984	49200	0.0026951721658494956
985	49250	0.0026951721658494956
986	49300	0.0026951721658494956
987	49350	0.002694561590126399
988	49400	0.002694561590126399
989	49450	0.002694561590126399
990	49500	0.002694561590126399
991	49550	0.002694561590126399
992	49600	0.002694561590126399
993	49650	0.002694561590126399
994	49700	0.002676115915160941
995	49750	0.0026728599888848235
996	49800	0.0026728599888848235
997	49850	0.002668453644182317
998	49900	0.002668453644182317
999	49950	0.002668453644182317
1000	50000	0.002668453644182317
1001	50050	0.002668453644182317
1002	50100	0.002668453644182317
1003	50150	0.0026355184399598315
1004	50200	0.0026355184399598315
1005	50250	0.0026355184399598315
1006	50300	0.0026355184399598315
1007	50350	0.0026355184399598315
1008	50400	0.0026355184399598315
1009	50450	0.0026355184399598315
1010	50500	0.0026355184399598315
1011	50550	0.0026355184399598315
1012	50600	0.0026136706391985424
1013	50650	0.0026136706391985424
1014	50700	0.0026136706391985424
1015	50750	0.0026136706391985424
1016	50800	0.0026136706391985424
1017	50850	0.0026136706391985424
1018	50900	0.0026136706391985424
1019	50950	0.0026136706391985424
1020	51000	0.0026136706391985424
1021	51050	0.0026136706391985424
1022	51100	0.0026136706391985424
1023	51150	0.0026136706391985424
1024	51200	0.0026136706391985424
1025	51250	0.0026136706391985424
1026	51300	0.0026136706391985424
1027	51350	0.0025445101714094195
1028	51400	0.0025445101714094195
1029	51450	0.0025430066971372242
1030	51500	0.0025399495093920703
1031	51550	0.0025399495093920703
1032	51600	0.0025399495093920703
1033	51650	0.0025023895554875486
1034	51700	0.0025023895554875486
1035	51750	0.0025023895554875486
1036	51800	0.0025023895554875486
1037	51850	0.0025023895554875486
1038	51900	0.0025023895554875486
1039	51950	0.0025023895554875486
1040	52000	0.0025023895554875486
1041	52050	0.0025023895554875486
1042	52100	0.0025023895554875486
1043	52150	0.0025023895554875486
1044	52200	0.0025023895554875486
1045	52250	0.0024117407375371666
1046	52300	0.0024054618910478573
1047	52350	0.0024054618910478573
1048	52400	0.0024054618910478573
1049	52450	0.0024054618910478573
1050	52500	0.0024054618910478573
1051	52550	0.0024054618910478573
1052	52600	0.0024054618910478573
1053	52650	0.0024054618910478573
1054	52700	0.0024054618910478573
1055	52750	0.0024054618910478573
1056	52800	0.0024054618910478573
1057	52850	0.0024054618910478573
1058	52900	0.0023632955150812464
1059	52950	0.0023632955150812464
1060	53000	0.0023632955150812464
1061	53050	0.002357014136533088
1062	53100	0.002357014136533088
1063	53150	0.002357014136533088
1064	53200	0.002357014136533088
1065	53250	0.002357014136533088
1066	53300	0.002357014136533088
1067	53350	0.002357014136533088
1068	53400	0.002357014136533088
1069	53450	0.0020792659571589336
1070	53500	0.0020792659571589336
1071	53550	0.0020792659571589336
1072	53600	0.0020792659571589336
1073	53650	0.0020792659571589336
1074	53700	0.0020792659571589336
1075	53750	0.0020792659571589336
1076	53800	0.0020792659571589336
1077	53850	0.0020420862419649796
1078	53900	0.0020420862419649796
1079	53950	0.0020420862419649796
1080	54000	0.0020420862419649796
1081	54050	0.0019934453783031266
1082	54100	0.0019934453783031266
1083	54150	0.0019934453783031266
1084	54200	0.0019934453783031266
1085	54250	0.0019934453783031266
1086	54300	0.0019934453783031266
1087	54350	0.0019934453783031266
1088	54400	0.0019934453783031266
1089	54450	0.0019934453783031266
1090	54500	0.001969509776621722
1091	54550	0.001956969262839862
1092	54600	0.001956969262839862
1093	54650	0.001956969262839862
1094	54700	0.001956969262839862
1095	54750	0.001956969262839862
1096	54800	0.001956969262839862
1097	54850	0.001956969262839862
1098	54900	0.001956969262839862
1099	54950	0.001956969262839862
1100	55000	0.001956969262839862
1101	55050	0.001956969262839862
1102	55100	0.0019485525809244339
1103	55150	0.0018923127556113937
1104	55200	0.0018923127556113937
1105	55250	0.0018923127556113937
1106	55300	0.0018923127556113937
1107	55350	0.0018923127556113937
1108	55400	0.0018923127556113937
1109	55450	0.0018923127556113937
1110	55500	0.0018923127556113937
1111	55550	0.0018923127556113937
1112	55600	0.0018923127556113937
1113	55650	0.0018923127556113937
1114	55700	0.0018923127556113937
1115	55750	0.0018830611406266597
1116	55800	0.0018830611406266597
1117	55850	0.0018830611406266597
1118	55900	0.0018830611406266597
1119	55950	0.0018830611406266597
1120	56000	0.0018830611406266597
1121	56050	0.0018830611406266597
1122	56100	0.0018830611406266597
1123	56150	0.0018830611406266597
1124	56200	0.0018830611406266597
1125	56250	0.0018830611406266597
1126	56300	0.0018830611406266597
1127	56350	0.0018830611406266597
1128	56400	0.0018830611406266597
1129	56450	0.0018830611406266597
1130	56500	0.0018830611406266597
1131	56550	0.0018757321209813393
1132	56600	0.001871400831547867
1133	56650	0.001871400831547867
1134	56700	0.001871400831547867
1135	56750	0.001871400831547867
1136	56800	0.001871400831547867
1137	56850	0.001871400831547867
1138	56900	0.001871400831547867
1139	56950	0.001871400831547867
1140	57000	0.0018711497055739392
1141	57050	0.0018711497055739392
1142	57100	0.0018711497055739392
1143	57150	0.0018711497055739392
1144	57200	0.0018711497055739392
1145	57250	0.0018711497055739392
1146	57300	0.0018711497055739392
1147	57350	0.0018711497055739392
1148	57400	0.0018711497055739392
1149	57450	0.0018711497055739392
1150	57500	0.0018711497055739392
1151	57550	0.0018711497055739392
1152	57600	0.0018711497055739392
1153	57650	0.0018510338738415572
1154	57700	0.0018462289711737613
1155	57750	0.0018462289711737613
1156	57800	0.001846141051626182
1157	57850	0.001846141051626182
1158	57900	0.001846141051626182
1159	57950	0.001846141051626182
1160	58000	0.001846141051626182
1161	58050	0.001846141051626182
1162	58100	0.001846141051626182
1163	58150	0.0018281721656561397
1164	58200	0.0018281721656561397
1165	58250	0.0018281721656561397
1166	58300	0.0017912294202035036
1167	58350	0.0017912294202035036
1168	58400	0.0017912294202035036
1169	58450	0.0017897755879727757
1170	58500	0.0017770109701628779
1171	58550	0.0017770109701628779
1172	58600	0.0017770109701628779
1173	58650	0.0017770109701628779
1174	58700	0.0017770109701628779
1175	58750	0.0017770109701628779
1176	58800	0.0017770109701628779
1177	58850	0.0017770109701628779
1178	58900	0.0017770109701628779
1179	58950	0.0017770109701628779
1180	59000	0.0017770109701628779
1181	59050	0.0017770109701628779
1182	59100	0.0017770109701628779
1183	59150	0.0016929444796697393
1184	59200	0.0016929444796697393
1185	59250	0.0016929444796697393
1186	59300	0.0016929444796697393
1187	59350	0.0016929091301391228
1188	59400	0.0016929091301391228
1189	59450	0.0016929091301391228
1190	59500	0.0016929091301391228
1191	59550	0.0016929091301391228
1192	59600	0.0016929091301391228
1193	59650	0.0016929091301391228
1194	59700	0.0016929091301391228
1195	59750	0.0016929091301391228
1196	59800	0.0016929091301391228
1197	59850	0.0016929091301391228
1198	59900	0.0016929091301391228
1199	59950	0.0016929091301391228
1200	60000	0.0016929091301391228
1201	60050	0.0016929091301391228
1202	60100	0.0016905890457001628
1203	60150	0.0016905890457001628
1204	60200	0.0016905890457001628
1205	60250	0.0016905890457001628
1206	60300	0.0016905890457001628
1207	60350	0.0016887870577534524
1208	60400	0.0016868740147111317
1209	60450	0.0016868740147111317
1210	60500	0.0016868740147111317
1211	60550	0.0016868740147111317
1212	60600	0.0016868740147111317
1213	60650	0.0016868740147111317
1214	60700	0.0016868740147111317
1215	60750	0.0016868740147111317
1216	60800	0.0016868740147111317
1217	60850	0.0016868740147111317
1218	60900	0.0016868740147111317
1219	60950	0.0016868740147111317
1220	61000	0.0016672817838301892
1221	61050	0.0016672817838301892
1222	61100	0.0016672817838301892
1223	61150	0.0016672817838301892
1224	61200	0.0016672817838301892
1225	61250	0.0016672817838301892
1226	61300	0.0016672817838301892
1227	61350	0.0016672817838301892
1228	61400	0.0016672817838301892
1229	61450	0.0016672817838301892
1230	61500	0.0016672817838301892
1231	61550	0.0016672817838301892
1232	61600	0.0016672817838301892
1233	61650	0.0016672817838301892
1234	61700	0.0016672817838301892
1235	61750	0.0016672817838301892
1236	61800	0.0016642869510405712
1237	61850	0.0016642869510405712
1238	61900	0.0016642869510405712
1239	61950	0.0016642869510405712
1240	62000	0.0016642869510405712
1241	62050	0.0016642869510405712
1242	62100	0.0016642869510405712
1243	62150	0.0016598929991765317
1244	62200	0.0016570616852721333
1245	62250	0.0016570616852721333
1246	62300	0.0016570616852721333
1247	62350	0.0016570616852721333
1248	62400	0.0016561765267377744
1249	62450	0.0016556589536785259
1250	62500	0.0016556589536785259
1251	62550	0.0016061211510462314
1252	62600	0.0016061211510462314
1253	62650	0.0016061211510462314
1254	62700	0.0016061211510462314
1255	62750	0.0016061211510462314
1256	62800	0.0016061211510462314
1257	62850	0.0016061211510462314
1258	62900	0.0016061211510462314
1259	62950	0.0016061211510462314
1260	63000	0.0015525271266715328
1261	63050	0.0015525271266715328
1262	63100	0.0015525271266715328
1263	63150	0.0015525271266715328
1264	63200	0.0015525271266715328
1265	63250	0.0015525271266715328
1266	63300	0.0015525271266715328
1267	63350	0.0015525271266715328
1268	63400	0.0015525271266715328
1269	63450	0.0015525271266715328
1270	63500	0.0015525271266715328
1271	63550	0.0015525271266715328
1272	63600	0.0015525271266715328
1273	63650	0.0015525271266715328
1274	63700	0.001543772525214857
1275	63750	0.001543772525214857
1276	63800	0.001543772525214857
1277	63850	0.001543772525214857
1278	63900	0.001543772525214857
1279	63950	0.0015409181402208333
1280	64000	0.0015409181402208333
1281	64050	0.0015409181402208333
1282	64100	0.0015409181402208333
1283	64150	0.0015409181402208333
1284	64200	0.0015409181402208333
1285	64250	0.0015409181402208333
1286	64300	0.0015409181402208333
1287	64350	0.0015409181402208333
1288	64400	0.0015409181402208333
1289	64450	0.0015409181402208333
1290	64500	0.0015409181402208333
1291	64550	0.0015409181402208333
1292	64600	0.0015409181402208333
1293	64650	0.0015409181402208333
1294	64700	0.0015409181402208333
1295	64750	0.0015409181402208333
1296	64800	0.0015309251801548331
1297	64850	0.0015309251801548331
1298	64900	0.0015309251801548331
1299	64950	0.0015309251801548331
1300	65000	0.0015309251801548331
1301	65050	0.0015309251801548331
1302	65100	0.0015233745873346617
1303	65150	0.0015233745873346617
1304	65200	0.0015233745873346617
1305	65250	0.0015233745873346617
1306	65300	0.0015233745873346617
1307	65350	0.0015233745873346617
1308	65400	0.0015233745873346617
1309	65450	0.0015233745873346617
1310	65500	0.001523114032245277
1311	65550	0.001523114032245277
1312	65600	0.001523114032245277
1313	65650	0.001523114032245277
1314	65700	0.001523114032245277
1315	65750	0.001523114032245277
1316	65800	0.001523114032245277
1317	65850	0.001523114032245277
1318	65900	0.001523114032245277
1319	65950	0.001523114032245277
1320	66000	0.001523114032245277
1321	66050	0.001523114032245277
1322	66100	0.001523114032245277
1323	66150	0.001523114032245277
1324	66200	0.001523114032245277
1325	66250	0.001523114032245277
1326	66300	0.0015183236419299508
1327	66350	0.0015183236419299508
1328	66400	0.0015183236419299508
1329	66450	0.0015171113465918817
1330	66500	0.0015171113465918817
1331	66550	0.0015171113465918817
1332	66600	0.0015171113465918817
1333	66650	0.0015171113465918817
1334	66700	0.0015171113465918817
1335	66750	0.0015171113465918817
1336	66800	0.0015171113465918817
1337	66850	0.0015171113465918817
1338	66900	0.0015171113465918817
1339	66950	0.0015171113465918817
1340	67000	0.0015171113465918817
1341	67050	0.00149925567224462
1342	67100	0.00149925567224462
1343	67150	0.0014980723281098238
1344	67200	0.0014980723281098238
1345	67250	0.0014980723281098238
1346	67300	0.0014980723281098238
1347	67350	0.0014869290912836247
1348	67400	0.0014869290912836247
1349	67450	0.0014512107975028427
1350	67500	0.0014512107975028427
1351	67550	0.0014509079466942826
1352	67600	0.0014458311858295317
1353	67650	0.0014458311858295317
1354	67700	0.0014458311858295317
1355	67750	0.0014458311858295317
1356	67800	0.0014458311858295317
1357	67850	0.0014458311858295317
1358	67900	0.0014458311858295317
1359	67950	0.0014458311858295317
1360	68000	0.0014458311858295317
1361	68050	0.0014458311858295317
1362	68100	0.0014458311858295317
1363	68150	0.001399515974760439
1364	68200	0.001399515974760439
1365	68250	0.001399515974760439
1366	68300	0.001399515974760439
1367	68350	0.001399515974760439
1368	68400	0.001399515974760439
1369	68450	0.001399515974760439
1370	68500	0.001399515974760439
1371	68550	0.001399515974760439
1372	68600	0.001390033639835656
1373	68650	0.001390033639835656
1374	68700	0.001390033639835656
1375	68750	0.0013899666811015893
1376	68800	0.0013899666811015893
1377	68850	0.0013899666811015893
1378	68900	0.0013847814172500313
1379	68950	0.0013847814172500313
1380	69000	0.0013847814172500313
1381	69050	0.0013847814172500313
1382	69100	0.001376496506530098
1383	69150	0.001376496506530098
1384	69200	0.0013733637250906822
1385	69250	0.0013733637250906822
1386	69300	0.0013733637250906822
1387	69350	0.0013733637250906822
1388	69400	0.0013733637250906822
1389	69450	0.0013733637250906822
1390	69500	0.0013733637250906822
1391	69550	0.0013733637250906822
1392	69600	0.0013733637250906822
1393	69650	0.0013733637250906822
1394	69700	0.0013486310556407827
1395	69750	0.0013486310556407827
1396	69800	0.0013486310556407827
1397	69850	0.001347314894841621
1398	69900	0.001347314894841621
1399	69950	0.001347314894841621
1400	70000	0.001347314894841621
1401	70050	0.001347314894841621
1402	70100	0.001347314894841621
1403	70150	0.001347314894841621
1404	70200	0.0013124133938457018
1405	70250	0.0013124133938457018
1406	70300	0.0013124133938457018
1407	70350	0.0013124133938457018
1408	70400	0.0013124133938457018
1409	70450	0.0013124133938457018
1410	70500	0.0013124133938457018
1411	70550	0.0013124133938457018
1412	70600	0.0013124133938457018
1413	70650	0.0013124133938457018
1414	70700	0.0013124133938457018
1415	70750	0.0013124133938457018
1416	70800	0.001306269615291721
1417	70850	0.001306269615291721
1418	70900	0.001306269615291721
1419	70950	0.001306269615291721
1420	71000	0.001306269615291721
1421	71050	0.001306269615291721
1422	71100	0.001306269615291721
1423	71150	0.001306269615291721
1424	71200	0.001306269615291721
1425	71250	0.001306269615291721
1426	71300	0.001306269615291721
1427	71350	0.001306269615291721
1428	71400	0.001306269615291721
1429	71450	0.0013029163418940485
1430	71500	0.0013029163418940485
1431	71550	0.0013029163418940485
1432	71600	0.0013029163418940485
1433	71650	0.0013029163418940485
1434	71700	0.0013029163418940485
1435	71750	0.00130182485026125
1436	71800	0.00130182485026125
1437	71850	0.001266885398068527
1438	71900	0.001266454270783699
1439	71950	0.001266454270783699
1440	72000	0.001266454270783699
1441	72050	0.0012567489531406576
1442	72100	0.0012565706187222816
1443	72150	0.0012565706187222816
1444	72200	0.0012534658575775975
1445	72250	0.0012534658575775975
1446	72300	0.0012534658575775975
1447	72350	0.0012534658575775975
1448	72400	0.001253450732693287
1449	72450	0.001252239275312338
1450	72500	0.001252239275312338
1451	72550	0.001252239275312338
1452	72600	0.001252239275312338
1453	72650	0.001252239275312338
1454	72700	0.0012519521150667668
1455	72750	0.0012519521150667668
1456	72800	0.0012519521150667668
1457	72850	0.0012519521150667668
1458	72900	0.0012519521150667668
1459	72950	0.0012519521150667668
1460	73000	0.0012519521150667668
1461	73050	0.0012519521150667668
1462	73100	0.0012519521150667668
1463	73150	0.0012519521150667668
1464	73200	0.0012519521150667668
1465	73250	0.0012519521150667668
1466	73300	0.0012519521150667668
1467	73350	0.0012470498392533882
1468	73400	0.0012470498392533882
1469	73450	0.0012470498392533882
1470	73500	0.0012470498392533882
1471	73550	0.0012470498392533882
1472	73600	0.0012470498392533882
1473	73650	0.0012470498392533882
1474	73700	0.0012470498392533882
1475	73750	0.0012470498392533882
1476	73800	0.0012470498392533882
1477	73850	0.0012470498392533882
1478	73900	0.0012075329150268803
1479	73950	0.0012075329150268803
1480	74000	0.0012075329150268803
1481	74050	0.0012039899483674778
1482	74100	0.0012039899483674778
1483	74150	0.0012039899483674778
1484	74200	0.0012039899483674778
1485	74250	0.0012039899483674778
1486	74300	0.0012039899483674778
1487	74350	0.0012039899483674778
1488	74400	0.0011730257623496583
1489	74450	0.0011730257623496583
1490	74500	0.0011730257623496583
1491	74550	0.0011730257623496583
1492	74600	0.0011730257623496583
1493	74650	0.0011730257623496583
1494	74700	0.0011730257623496583
1495	74750	0.0011730257623496583
1496	74800	0.0011730257623496583
1497	74850	0.0011730257623496583
1498	74900	0.0011730257623496583
1499	74950	0.0011715013498608542
1500	75000	0.0011715013498608542
1501	75050	0.0011715013498608542
1502	75100	0.0011715013498608542
1503	75150	0.0011715013498608542
1504	75200	0.0011715013498608542
1505	75250	0.0011715013498608542
1506	75300	0.0011715013498608542
1507	75350	0.0011715013498608542
1508	75400	0.0011541417596033295
1509	75450	0.0011541417596033295
1510	75500	0.0011541417596033295
1511	75550	0.0011541417596033295
1512	75600	0.0011541417596033295
1513	75650	0.0011541417596033295
1514	75700	0.0011541417596033295
1515	75750	0.0011541417596033295
1516	75800	0.0011541417596033295
1517	75850	0.0011541417596033295
1518	75900	0.0011541417596033295
1519	75950	0.0011541417596033295
1520	76000	0.001141460326161759
1521	76050	0.001141460326161759
1522	76100	0.0011370618207563897
1523	76150	0.0011370618207563897
1524	76200	0.0011370618207563897
1525	76250	0.0011370618207563897
1526	76300	0.0011370618207563897
1527	76350	0.0011366489542965872
1528	76400	0.0011272697380676963
1529	76450	0.001110179969522534
1530	76500	0.001110179969522534
1531	76550	0.001110179969522534
1532	76600	0.001110179969522534
1533	76650	0.001110179969522534
1534	76700	0.001110179969522534
1535	76750	0.0011059729438516277
1536	76800	0.0011059729438516277
1537	76850	0.0010966219564403701
1538	76900	0.0010966219564403701
1539	76950	0.0010966219564403701
1540	77000	0.0010966219564403701
1541	77050	0.0010966219564403701
1542	77100	0.0010966219564403701
1543	77150	0.0010966219564403701
1544	77200	0.0010966219564403701
1545	77250	0.0010915098075594803
1546	77300	0.0010915098075594803
1547	77350	0.0010915098075594803
1548	77400	0.0010915098075594803
1549	77450	0.0010915098075594803
1550	77500	0.0010895900815862704
1551	77550	0.0010825549669122724
1552	77600	0.0010825549669122724
1553	77650	0.0010825549669122724
1554	77700	0.0010825549669122724
1555	77750	0.0010825549669122724
1556	77800	0.0010825549669122724
1557	77850	0.0010825549669122724
1558	77900	0.0010825549669122724
1559	77950	0.0010825549669122724
1560	78000	0.0010825549669122724
1561	78050	0.0010825549669122724
1562	78100	0.0010825549669122724
1563	78150	0.0010825549669122724
1564	78200	0.0010825549669122724
1565	78250	0.0010824363576536105
1566	78300	0.0010824363576536105
1567	78350	0.0010824363576536105
1568	78400	0.0010824363576536105
1569	78450	0.0010824363576536105
1570	78500	0.0010824363576536105
1571	78550	0.0010824363576536105
1572	78600	0.0010824363576536105
1573	78650	0.0010824363576536105
1574	78700	0.0010824363576536105
1575	78750	0.0010824363576536105
1576	78800	0.0010824363576536105
1577	78850	0.0010639661121193793
1578	78900	0.0010639661121193793
1579	78950	0.0010516142566350606
1580	79000	0.0010516142566350606
1581	79050	0.0010516142566350606
1582	79100	0.0010516142566350606
1583	79150	0.0010516142566350606
1584	79200	0.0010516142566350606
1585	79250	0.0010516142566350606
1586	79300	0.0010516142566350606
1587	79350	0.0010516142566350606
1588	79400	0.0010516142566350606
1589	79450	0.0010516142566350606
1590	79500	0.0010516142566350606
1591	79550	0.0010516142566350606
1592	79600	0.0010516142566350606
1593	79650	0.0010516142566350606
1594	79700	0.0010516142566350606
1595	79750	0.0010516142566350606
1596	79800	0.0010516142566350606
1597	79850	0.0010516142566350606
1598	79900	0.0010516142566350606
1599	79950	0.0010516142566350606
1600	80000	0.0010516142566350606
1601	80050	0.0010516142566350606
1602	80100	0.0010516142566350606
1603	80150	0.0010516142566350606
1604	80200	0.0010516142566350606
1605	80250	0.0010481019243554126
1606	80300	0.0010481019243554126
1607	80350	0.0010481019243554126
1608	80400	0.0010481019243554126
1609	80450	0.0010481019243554126
1610	80500	0.0010481019243554126
1611	80550	0.0010481019243554126
1612	80600	0.0010467077256078538
1613	80650	0.0010467077256078538
1614	80700	0.0010467077256078538
1615	80750	0.0010467077256078538
1616	80800	0.0010467077256078538
1617	80850	0.0010467077256078538
1618	80900	0.0010467077256078538
1619	80950	0.0010467077256078538
1620	81000	0.0010467077256078538
1621	81050	0.0010467077256078538
1622	81100	0.0010467077256078538
1623	81150	0.0010467077256078538
1624	81200	0.0010467077256078538
1625	81250	0.0010467077256078538
1626	81300	0.0010467077256078538
1627	81350	0.0010467077256078538
1628	81400	0.0010467077256078538
1629	81450	0.0010467077256078538
1630	81500	0.0010467077256078538
1631	81550	0.0010467077256078538
1632	81600	0.0010467077256078538
1633	81650	0.0010467077256078538
1634	81700	0.0010467077256078538
1635	81750	0.0010467077256078538
1636	81800	0.0010458801372176388
1637	81850	0.0010458801372176388
1638	81900	0.0010458801372176388
1639	81950	0.0010458801372176388
1640	82000	0.0010458801372176388
1641	82050	0.0010458801372176388
1642	82100	0.0010458801372176388
1643	82150	0.0010458801372176388
1644	82200	0.0010458801372176388
1645	82250	0.0010458801372176388
1646	82300	0.0010458801372176388
1647	82350	0.0010458801372176388
1648	82400	0.0010458801372176388
1649	82450	0.0010458801372176388
1650	82500	0.0010458801372176388
1651	82550	0.0010458801372176388
1652	82600	0.0010458801372176388
1653	82650	0.0010458801372176388
1654	82700	0.0010458801372176388
1655	82750	0.0010458801372176388
1656	82800	0.0010458801372176388
1657	82850	0.0010458801372176388
1658	82900	0.001042828693594397
1659	82950	0.0010425212220213252
1660	83000	0.0010425212220213252
1661	83050	0.0010425212220213252
1662	83100	0.0010425212220213252
1663	83150	0.0010425212220213252
1664	83200	0.0010425212220213252
1665	83250	0.0010425212220213252
1666	83300	0.0010378121508669129
1667	83350	0.0010378121508669129
1668	83400	0.0010378121508669129
1669	83450	0.0010378121508669129
1670	83500	0.0010024516958859488
1671	83550	0.0010024516958859488
1672	83600	0.0010024516958859488
1673	83650	9.994825062514322E-4
1674	83700	9.994825062514322E-4
1675	83750	9.994825062514322E-4
1676	83800	9.994825062514322E-4
1677	83850	9.994825062514322E-4
1678	83900	9.84356288725307E-4
1679	83950	9.8156044276125E-4
1680	84000	9.8156044276125E-4
1681	84050	9.8156044276125E-4
1682	84100	9.8156044276125E-4
1683	84150	9.8156044276125E-4
1684	84200	9.8156044276125E-4
1685	84250	9.8156044276125E-4
1686	84300	9.8156044276125E-4
1687	84350	9.8156044276125E-4
1688	84400	9.8156044276125E-4
1689	84450	9.8156044276125E-4
1690	84500	9.8156044276125E-4
1691	84550	9.8156044276125E-4
1692	84600	9.8156044276125E-4
1693	84650	9.8156044276125E-4
1694	84700	9.8156044276125E-4
1695	84750	9.8156044276125E-4
1696	84800	9.8156044276125E-4
1697	84850	9.8156044276125E-4
1698	84900	9.8156044276125E-4
1699	84950	9.8156044276125E-4
1700	85000	9.809644959507817E-4
1701	85050	9.809644959507817E-4
1702	85100	9.809644959507817E-4
1703	85150	9.809644959507817E-4
1704	85200	9.809644959507817E-4
1705	85250	9.809644959507817E-4
1706	85300	9.809644959507817E-4
1707	85350	9.809644959507817E-4
1708	85400	9.809644959507817E-4
1709	85450	9.809644959507817E-4
1710	85500	9.809644959507817E-4
1711	85550	9.809644959507817E-4
1712	85600	9.809644959507817E-4
1713	85650	9.761331410745452E-4
1714	85700	9.729689222182888E-4
1715	85750	9.729689222182888E-4
1716	85800	9.729689222182888E-4
1717	85850	9.729689222182888E-4
1718	85900	9.729689222182888E-4
1719	85950	9.729689222182888E-4
1720	86000	9.602578722080113E-4
1721	86050	9.602578722080113E-4
1722	86100	9.602578722080113E-4
1723	86150	9.602578722080113E-4
1724	86200	9.602578722080113E-4
1725	86250	9.602578722080113E-4
1726	86300	9.602578722080113E-4
1727	86350	9.602578722080113E-4
1728	86400	9.602578722080113E-4
1729	86450	9.602578722080113E-4
1730	86500	9.602578722080113E-4
1731	86550	9.602578722080113E-4
1732	86600	9.602578722080113E-4
1733	86650	9.571658601718713E-4
1734	86700	9.571658601718713E-4
1735	86750	9.571658601718713E-4
1736	86800	9.571658601718713E-4
1737	86850	9.571658601718713E-4
1738	86900	9.571658601718713E-4
1739	86950	9.571658601718713E-4
1740	87000	9.571658601718713E-4
1741	87050	9.571658601718713E-4
1742	87100	9.571658601718713E-4
1743	87150	9.571658601718713E-4
1744	87200	9.571658601718713E-4
1745	87250	9.571658601718713E-4
1746	87300	9.571658601718713E-4
1747	87350	9.571658601718713E-4
1748	87400	9.571658601718713E-4
1749	87450	9.571658601718713E-4
1750	87500	9.571658601718713E-4
1751	87550	9.571658601718713E-4
1752	87600	9.571658601718713E-4
1753	87650	9.571658601718713E-4
1754	87700	9.571658601718713E-4
1755	87750	9.571658601718713E-4
1756	87800	9.571658601718713E-4
1757	87850	9.571658601718713E-4
1758	87900	9.571658601718713E-4
1759	87950	9.571658601718713E-4
1760	88000	9.571658601718713E-4
1761	88050	9.569499764339594E-4
1762	88100	9.569499764339594E-4
1763	88150	9.569499764339594E-4
1764	88200	9.569499764339594E-4
1765	88250	9.569499764339594E-4
1766	88300	9.569499764339594E-4
1767	88350	9.569499764339594E-4
1768	88400	9.569499764339594E-4
1769	88450	9.569499764339594E-4
1770	88500	9.569499764339594E-4
1771	88550	9.459366517965637E-4
1772	88600	9.459366517965637E-4
1773	88650	9.459366517965637E-4
1774	88700	9.459366517965637E-4
1775	88750	9.459366517965637E-4
1776	88800	9.459366517965637E-4
1777	88850	9.459366517965637E-4
1778	88900	9.459366517965637E-4
1779	88950	9.459366517965637E-4
1780	89000	9.459366517965637E-4
1781	89050	9.459366517965637E-4
1782	89100	9.459366517965637E-4
1783	89150	9.143933353525982E-4
1784	89200	9.143933353525982E-4
1785	89250	9.143933353525982E-4
1786	89300	9.143933353525982E-4
1787	89350	9.12937589181451E-4
1788	89400	9.12937589181451E-4
1789	89450	9.12937589181451E-4
1790	89500	9.12937589181451E-4
1791	89550	9.12937589181451E-4
1792	89600	9.12937589181451E-4
1793	89650	9.12937589181451E-4
1794	89700	9.12937589181451E-4
1795	89750	9.12937589181451E-4
1796	89800	9.12937589181451E-4
1797	89850	9.12937589181451E-4
1798	89900	9.12937589181451E-4
1799	89950	9.12937589181451E-4
1800	90000	9.12937589181451E-4
1801	90050	9.12937589181451E-4
1802	90100	9.12937589181451E-4
1803	90150	9.12937589181451E-4
1804	90200	9.12937589181451E-4
1805	90250	9.12937589181451E-4
1806	90300	9.12937589181451E-4
1807	90350	9.12937589181451E-4
1808	90400	9.12937589181451E-4
1809	90450	9.12937589181451E-4
1810	90500	9.12937589181451E-4
1811	90550	9.12937589181451E-4
1812	90600	9.12937589181451E-4
1813	90650	9.12937589181451E-4
1814	90700	9.12937589181451E-4
1815	90750	9.12937589181451E-4
1816	90800	9.115374864559643E-4
1817	90850	9.115374864559643E-4
1818	90900	9.115374864559643E-4
1819	90950	9.115374864559643E-4
1820	91000	9.115374864559643E-4
1821	91050	9.115374864559643E-4
1822	91100	9.115374864559643E-4
1823	91150	9.115374864559643E-4
1824	91200	9.106817994130944E-4
1825	91250	9.106817994130944E-4
1826	91300	9.106817994130944E-4
1827	91350	9.106817994130944E-4
1828	91400	9.106817994130944E-4
1829	91450	9.106817994130944E-4
1830	91500	9.106817994130944E-4
1831	91550	9.106817994130944E-4
1832	91600	9.106817994130944E-4
1833	91650	9.106817994130944E-4
1834	91700	9.106817994130944E-4
1835	91750	9.106817994130944E-4
1836	91800	8.07981511703116E-4
1837	91850	8.07981511703116E-4
1838	91900	8.07981511703116E-4
1839	91950	8.07981511703116E-4
1840	92000	8.07981511703116E-4
1841	92050	8.07981511703116E-4
1842	92100	8.07981511703116E-4
1843	92150	8.07981511703116E-4
1844	92200	8.07981511703116E-4
1845	92250	8.07981511703116E-4
1846	92300	8.079533955057342E-4
1847	92350	8.079533955057342E-4
1848	92400	8.079533955057342E-4
1849	92450	7.994881160426588E-4
1850	92500	7.994881160426588E-4
1851	92550	7.994881160426588E-4
1852	92600	7.994881160426588E-4
1853	92650	7.994881160426588E-4
1854	92700	7.994881160426588E-4
1855	92750	7.994881160426588E-4
1856	92800	7.994881160426588E-4
1857	92850	7.994881160426588E-4
1858	92900	7.994881160426588E-4
1859	92950	7.994881160426588E-4
1860	93000	7.994881160426588E-4
1861	93050	7.994881160426588E-4
1862	93100	7.994881160426588E-4
1863	93150	7.994881160426588E-4
1864	93200	7.994881160426588E-4
1865	93250	7.994881160426588E-4
1866	93300	7.89236875845732E-4
1867	93350	7.89236875845732E-4
1868	93400	7.89236875845732E-4
1869	93450	7.89236875845732E-4
1870	93500	7.89236875845732E-4
1871	93550	7.89236875845732E-4
1872	93600	7.89236875845732E-4
1873	93650	7.873055855349244E-4
1874	93700	7.873055855349244E-4
1875	93750	7.873055855349244E-4
1876	93800	7.842437834953194E-4
1877	93850	7.842437834953194E-4
1878	93900	7.842437834953194E-4
1879	93950	7.842437834953194E-4
1880	94000	7.842437834953194E-4
1881	94050	7.842437834953194E-4
1882	94100	7.842437834953194E-4
1883	94150	7.526685269026628E-4
1884	94200	7.514758580695142E-4
1885	94250	7.514758580695142E-4
1886	94300	7.514758580695142E-4
1887	94350	7.489399520047876E-4
1888	94400	7.489399520047876E-4
1889	94450	7.489399520047876E-4
1890	94500	7.489399520047876E-4
1891	94550	7.489399520047876E-4
1892	94600	7.489399520047876E-4
1893	94650	7.489399520047876E-4
1894	94700	7.489399520047876E-4
1895	94750	7.489399520047876E-4
1896	94800	7.489399520047876E-4
1897	94850	7.489399520047876E-4
1898	94900	7.489399520047876E-4
1899	94950	7.489399520047876E-4
1900	95000	7.489399520047876E-4
1901	95050	7.489399520047876E-4
1902	95100	7.433948521763172E-4
1903	95150	7.433948521763172E-4
1904	95200	7.433948521763172E-4
1905	95250	7.433948521763172E-4
1906	95300	7.433948521763172E-4
1907	95350	7.433948521763172E-4
1908	95400	7.433948521763172E-4
1909	95450	7.433948521763172E-4
1910	95500	7.433948521763172E-4
1911	95550	7.433948521763172E-4
1912	95600	7.433948521763172E-4
1913	95650	7.433948521763172E-4
1914	95700	7.433948521763172E-4
1915	95750	7.433948521763172E-4
1916	95800	7.433948521763172E-4
1917	95850	7.433948521763172E-4
1918	95900	7.433948521763172E-4
1919	95950	7.433948521763172E-4
1920	96000	7.433948521763172E-4
1921	96050	7.433948521763172E-4
1922	96100	7.413593282097137E-4
1923	96150	7.413593282097137E-4
1924	96200	7.413593282097137E-4
1925	96250	7.413593282097137E-4
1926	96300	7.413593282097137E-4
1927	96350	7.413593282097137E-4
1928	96400	7.413593282097137E-4
1929	96450	7.413593282097137E-4
1930	96500	7.413593282097137E-4
1931	96550	7.333870361195843E-4
1932	96600	7.333870361195843E-4
1933	96650	7.333870361195843E-4
1934	96700	7.333870361195843E-4
1935	96750	7.333870361195843E-4
1936	96800	7.333870361195843E-4
1937	96850	7.333870361195843E-4
1938	96900	7.333870361195843E-4
1939	96950	7.333870361195843E-4
1940	97000	7.333870361195843E-4
1941	97050	7.333870361195843E-4
1942	97100	7.333870361195843E-4
1943	97150	7.308511227769188E-4
1944	97200	7.308511227769188E-4
1945	97250	7.308511227769188E-4
1946	97300	7.308511227769188E-4
1947	97350	7.308511227769188E-4
1948	97400	7.308511227769188E-4
1949	97450	7.308511227769188E-4
1950	97500	7.308511227769188E-4
1951	97550	7.308511227769188E-4
1952	97600	7.308511227769188E-4
1953	97650	7.308511227769188E-4
1954	97700	7.308511227769188E-4
1955	97750	7.308511227769188E-4
1956	97800	7.308511227769188E-4
1957	97850	7.294767545032356E-4
1958	97900	7.294767545032356E-4
1959	97950	7.294767545032356E-4
1960	98000	7.294767545032356E-4
1961	98050	7.294767545032356E-4
1962	98100	7.294767545032356E-4
1963	98150	7.294767545032356E-4
1964	98200	7.294767545032356E-4
1965	98250	7.294767545032356E-4
1966	98300	7.294767545032356E-4
1967	98350	7.294767545032356E-4
1968	98400	7.294767545032356E-4
1969	98450	7.294767545032356E-4
1970	98500	7.294767545032356E-4
1971	98550	7.294767545032356E-4
1972	98600	7.294767545032356E-4
1973	98650	7.294767545032356E-4
1974	98700	7.294767545032356E-4
1975	98750	7.294767545032356E-4
1976	98800	7.294767545032356E-4
1977	98850	7.294767545032356E-4
1978	98900	7.294767545032356E-4
1979	98950	7.294767545032356E-4
1980	99000	7.294767545032356E-4
1981	99050	7.294767545032356E-4
1982	99100	7.294767545032356E-4
1983	99150	7.294767545032356E-4
1984	99200	7.294767545032356E-4
1985	99250	7.294767545032356E-4
1986	99300	7.294767545032356E-4
1987	99350	7.294767545032356E-4
1988	99400	7.294767545032356E-4
1989	99450	7.294767545032356E-4
1990	99500	7.294767545032356E-4
1991	99550	7.294767545032356E-4
1992	99600	7.294767545032356E-4
1993	99650	7.294767545032356E-4
1994	99700	7.294767545032356E-4
1995	99750	7.294767545032356E-4
1996	99800	7.275633500526468E-4
1997	99850	7.275633500526468E-4
1998	99900	7.275633500526468E-4
1999	99950	7.275633500526468E-4
2000	100000	7.275633500526468E-4
