1	439.67380987406085
2	248.70287550779886
3	172.6025444715849
4	137.95545064402407
5	104.65880469906566
6	82.77169011416791
7	64.29875477017237
8	51.90532240465895
9	41.17692218300436
10	34.17278143935732
11	29.424393918144187
12	23.890232901489043
13	19.837425238533097
14	15.90294781256407
15	13.636027494389817
16	11.742491983071373
17	9.402579369025977
18	7.748097743963281
19	6.148169083561016
20	5.07367736881919
21	4.344281884243691
22	3.542547639061651
23	2.8084425502033583
24	2.37543269169423
25	1.9583107768357373
26	1.6881458895094261
27	1.4998188401577845
28	1.2117154867028033
29	1.0037861500586176
30	0.8057747618965502
31	0.6749052934942588
32	0.543780903356806
33	0.4682969800597224
34	0.34940813259738884
35	0.3026740114460898
36	0.23550016473400595
37	0.20609739981570213
38	0.17449398697638968
39	0.1405394115061521
40	0.09869016473285078
41	0.08706902814261912
42	0.07865497693750295
43	0.06971483530936268
44	0.06589992180209112
45	0.06137398248636329
46	0.05603799535879669
47	0.051461555812549485
48	0.04576638831898512
49	0.0385767307368208
50	0.0367405755672996
51	0.03501533048127867
52	0.0323876373658215
53	0.028974522798166112
54	0.0280199177280687
55	0.026116532200286834
56	0.02497878776758391
57	0.022530099407091508
58	0.02203402744627247
59	0.021218559537691466
60	0.019351690048882045
61	0.01882726212452472
62	0.017826807907874328
63	0.016553216666087753
64	0.015729595993774284
65	0.014116600499240703
66	0.013517599247175605
67	0.013129583363983866
68	0.012611161941062455
69	0.012134299246286007
70	0.011940397661057268
71	0.01181074409293837
72	0.011318362160515415
73	0.011183046195958148
74	0.010383019976556492
75	0.01001249540994561
76	0.009554773747996214
77	0.009088828167893036
78	0.008816170656473171
79	0.00831228274602831
80	0.007762768161499717
81	0.007532311051930096
82	0.007206283332361318
83	0.007165312842583505
84	0.00661513922764803
85	0.00640905920806452
86	0.006047491581241142
87	0.0058840495818387505
88	0.005782027352938828
89	0.005763145822420663
90	0.0056135950821214736
91	0.005542064882729619
92	0.005261070114251721
93	0.005189250282526443
94	0.005058596104285939
95	0.00492555420050671
96	0.0045641583729855075
97	0.00442070402464412
98	0.004370889439777545
99	0.0041999069558772304
100	0.0041999069558772304
101	0.0040788347347474425
102	0.003837340374407097
103	0.0037208627515784897
104	0.003614259513091788
105	0.003498639194139229
106	0.003298683061368105
107	0.00321770764908045
108	0.0031908052099475573
109	0.00303261082399334
110	0.0029514601646172998
111	0.002932372543517623
112	0.002892007968470604
113	0.0028636720784197896
114	0.00284781977396813
115	0.0028125399128326694
116	0.00273348121959928
117	0.00251574362142041
118	0.0023336295484940863
119	0.0022577469982428934
120	0.0022172168887658085
121	0.0020167450787620944
122	0.0020167450787620944
123	0.0018991265582499635
124	0.0018620979032781663
125	0.0018620979032781663
126	0.0018620979032781663
127	0.0018406333098467172
128	0.0018399511651976917
129	0.0018234370060735549
130	0.0018234370060735549
131	0.0018083831799340891
132	0.0017833390217707277
133	0.0017403259507155554
134	0.0017403259507155554
135	0.0017403259507155554
136	0.0017303786843580193
137	0.0017207254576366957
138	0.0016981841527806546
139	0.0016935242337660545
140	0.0016935242337660545
141	0.0016366674725576639
142	0.0015740649161764785
143	0.001521852111185656
144	0.0015096649115729959
145	0.0014811578900405498
146	0.0014785523448142808
147	0.0014502498482363351
148	0.0014185272452754462
149	0.0013975223950848717
150	0.0013415131401674654
151	0.0012919936790910954
152	0.0012822090204960023
153	0.0012315534933514118
154	0.0012315534933514118
155	0.0011868892715801783
156	0.0011739723231612982
157	0.0011691502348804051
158	0.0011299380153933663
159	0.0011299380153933663
160	0.0011193834798058078
161	0.0010271107649539467
162	0.0010149699706726105
163	0.0010149699706726105
164	0.0010149699706726105
165	0.0010149699706726105
166	9.853374097889079E-4
167	9.853374097889079E-4
168	9.784865311187247E-4
169	9.444309350747162E-4
170	9.327637562137082E-4
171	9.26156755849495E-4
172	9.26156755849495E-4
173	9.26156755849495E-4
174	9.151175746109462E-4
175	9.14617935589351E-4
176	8.637306663625499E-4
177	8.637306663625499E-4
178	8.50589684944309E-4
179	8.06337715927965E-4
180	8.06337715927965E-4
181	7.907345178890451E-4
182	7.778853225197285E-4
