1	50	520.9783219550104
2	100	474.3773995852838
3	150	437.77873604077
4	200	384.3512543763923
5	250	348.46487094493784
6	300	294.7550507995403
7	350	273.53654908250024
8	400	257.99302027498135
9	450	241.58588873368458
10	500	209.80958511576137
11	550	195.09894834410994
12	600	180.22776659139416
13	650	150.80007813862636
14	700	148.11356000787686
15	750	139.89029653336354
16	800	124.9750426124779
17	850	113.85272977989503
18	900	96.59016845930299
19	950	87.07696819143511
20	1000	79.18416185390906
21	1050	72.84430067057252
22	1100	70.06849701621584
23	1150	66.09176796675783
24	1200	57.82632876017565
25	1250	51.84608582807209
26	1300	48.05190837404048
27	1350	45.06749580619628
28	1400	39.75952312719282
29	1450	37.569902735154315
30	1500	33.33685406598203
31	1550	31.39995133520702
32	1600	28.37401855135339
33	1650	27.14221702663256
34	1700	24.35127588699524
35	1750	23.328606530803587
36	1800	20.21281004895856
37	1850	18.39559163982508
38	1900	16.93258901951073
39	1950	16.581076933965605
40	2000	16.024195334436932
41	2050	14.226856777942952
42	2100	12.570148461305998
43	2150	12.094717594485324
44	2200	10.543423896454986
45	2250	9.286655053558574
46	2300	8.848672894690282
47	2350	8.509939576182742
48	2400	7.994934454680708
49	2450	7.345606656333766
50	2500	7.168712338193404
51	2550	6.609968902392131
52	2600	5.790084856147373
53	2650	5.4306760986136595
54	2700	4.87745515156005
55	2750	4.2474147855616255
56	2800	4.026362286135052
57	2850	3.742334697620469
58	2900	3.5192661771168945
59	2950	3.164666263826853
60	3000	2.99197918629033
61	3050	2.7529108989772704
62	3100	2.4349894604634494
63	3150	2.1875720409990853
64	3200	2.029150054287932
65	3250	1.8416008367514567
66	3300	1.7676115023696788
67	3350	1.662596391481253
68	3400	1.5030328515565166
69	3450	1.354904647385766
70	3500	1.2197024376035936
71	3550	1.150793171274572
72	3600	1.0442669442871555
73	3650	0.9977260008039875
74	3700	0.9201221807075439
75	3750	0.8037279689181384
76	3800	0.694015014625077
77	3850	0.6266401870110043
78	3900	0.6104693344114456
79	3950	0.5536294299669591
80	4000	0.5180152237520664
81	4050	0.4901698065134511
82	4100	0.471460702881674
83	4150	0.4370790669910164
84	4200	0.3707830134084982
85	4250	0.33687098352492983
86	4300	0.2939355688188665
87	4350	0.2468776787356201
88	4400	0.2308962653548921
89	4450	0.21158483395552002
90	4500	0.2009197088634314
91	4550	0.18859868722518197
92	4600	0.17912189684559804
93	4650	0.1668744413085433
94	4700	0.1475123729169933
95	4750	0.13046533700436821
96	4800	0.1206636692635659
97	4850	0.11019604174221649
98	4900	0.10127816484285464
99	4950	0.09475413001495159
100	5000	0.09252459493737616
101	5050	0.08385925580278232
102	5100	0.07138440601903395
103	5150	0.06508277786049646
104	5200	0.058297821002851816
105	5250	0.05344866809323011
106	5300	0.04859137348217285
107	5350	0.044742117734903185
108	5400	0.03879415003751485
109	5450	0.03593002808046318
110	5500	0.03129422602634867
111	5550	0.029937551203216516
112	5600	0.027334111246563153
113	5650	0.025743871932649886
114	5700	0.02442474676415337
115	5750	0.02367139877780761
116	5800	0.022876773199605294
117	5850	0.019751061295094054
118	5900	0.017185389563924576
119	5950	0.016079352960366194
120	6000	0.014780626058501284
121	6050	0.01404780472215716
122	6100	0.013617889851051862
123	6150	0.012988884433148171
124	6200	0.011663596331211988
125	6250	0.010863747558597928
126	6300	0.010516951471554754
127	6350	0.009820899377546361
128	6400	0.009225725671405376
129	6450	0.00822149130057062
130	6500	0.007972166060350581
131	6550	0.006697032734463296
132	6600	0.005871760013988485
133	6650	0.005647554073967015
134	6700	0.0053536187647651055
135	6750	0.004785809418143372
136	6800	0.004333708195206358
137	6850	0.003827943122578943
138	6900	0.0034960826732229485
139	6950	0.003211667590495084
140	7000	0.0030174954773870373
141	7050	0.002764650044975358
142	7100	0.002525448456218646
143	7150	0.002377068586153474
144	7200	0.0021406240604167487
145	7250	0.0020084660530351596
146	7300	0.0019033367390486496
147	7350	0.001733161011846556
148	7400	0.0015321751789127223
149	7450	0.0014743795245792941
150	7500	0.0013876214373343887
151	7550	0.0012406632337051485
152	7600	0.0010947734939780668
153	7650	0.0010540393958325136
154	7700	9.527471080456381E-4
155	7750	9.199858170115822E-4
156	7800	8.224444803639536E-4
157	7850	8.014198778742227E-4
158	7900	7.162346735539221E-4
159	7950	6.236186929217573E-4
160	8000	5.878686458753294E-4
161	8050	5.167121636668902E-4
162	8100	4.4985731485964645E-4
163	8150	3.965384517301891E-4
164	8200	3.5905003939630607E-4
165	8250	3.33680777664173E-4
166	8300	3.0884450788009287E-4
167	8350	2.945186368642294E-4
168	8400	2.6809772004544E-4
169	8450	2.506480092857375E-4
170	8500	2.4081573564462477E-4
171	8550	2.2237169959568034E-4
172	8600	1.8852432740095484E-4
173	8650	1.7353654176168663E-4
174	8700	1.5969723191349485E-4
175	8750	1.4371817754808808E-4
176	8800	1.2424928075342438E-4
177	8850	1.1893299248084973E-4
178	8900	1.1339525031401024E-4
179	8950	1.0582170030385321E-4
180	9000	9.221726113031633E-5
181	9050	8.035027706021237E-5
182	9100	7.164615009662165E-5
183	9150	7.030658364998477E-5
184	9200	6.189641116202036E-5
185	9250	5.4249697925414444E-5
186	9300	4.957539983374149E-5
187	9350	4.6201724765252805E-5
188	9400	4.3642980625320956E-5
189	9450	4.2581583744700104E-5
190	9500	4.0693507278768496E-5
191	9550	3.8291467941461834E-5
192	9600	3.2140630211819864E-5
193	9650	2.7070814764139064E-5
194	9700	2.4589194694160155E-5
195	9750	2.373588147500708E-5
196	9800	2.2708252505959352E-5
197	9850	2.070517735920346E-5
198	9900	1.9424553437154926E-5
199	9950	1.7190216683936534E-5
200	10000	1.5742753040442943E-5
201	10050	1.4717715400514714E-5
202	10100	1.33855414070209E-5
203	10150	1.3149005620563558E-5
204	10200	1.2032870393573418E-5
205	10250	1.0809637228409265E-5
206	10300	9.785245696238635E-6
207	10350	8.980848337652585E-6
208	10400	8.43158653828755E-6
209	10450	7.643811685733037E-6
210	10500	7.012852038355194E-6
211	10550	6.421145076838682E-6
212	10600	6.085818771382272E-6
213	10650	5.3530548239445465E-6
214	10700	5.179455603154116E-6
215	10750	4.611540952465105E-6
216	10800	4.097110515152082E-6
217	10850	3.591720778577244E-6
218	10900	3.477302573045527E-6
219	10950	3.2091304451095994E-6
220	11000	2.9749889607886072E-6
221	11050	2.769221453751099E-6
222	11100	2.629735963770629E-6
223	11150	2.469303959922157E-6
224	11200	2.4025125520741722E-6
225	11250	2.140386033750536E-6
226	11300	1.9262612208682846E-6
227	11350	1.7465603396668607E-6
228	11400	1.6638663643894848E-6
229	11450	1.5126579608322064E-6
230	11500	1.3066687431841152E-6
231	11550	1.187184643878162E-6
232	11600	1.139524428995882E-6
233	11650	1.0638418166218793E-6
234	11700	9.89843978644087E-7
235	11750	8.474392967068727E-7
236	11800	7.372579177728033E-7
237	11850	6.899279109876597E-7
238	11900	6.173779802105269E-7
239	11950	5.679567614118282E-7
240	12000	4.880423774281727E-7
241	12050	4.5640861243482536E-7
242	12100	4.3141951860210446E-7
243	12150	4.034343052867262E-7
244	12200	3.9208116989776483E-7
245	12250	3.612493742690956E-7
246	12300	3.4263026651214783E-7
247	12350	3.2702846416806613E-7
248	12400	2.945369498914148E-7
249	12450	2.6160069060343435E-7
250	12500	2.3380974687474692E-7
251	12550	2.2537829117807843E-7
252	12600	2.0813999013116996E-7
253	12650	1.9448688078989804E-7
254	12700	1.8772875707144193E-7
255	12750	1.8285318755019067E-7
256	12800	1.7250997530904028E-7
257	12850	1.5708046823339366E-7
258	12900	1.393737034684965E-7
259	12950	1.1776075899152986E-7
260	13000	9.665245567510579E-8
261	13050	9.207485582143414E-8
262	13100	8.72484381119675E-8
263	13150	8.087300918540474E-8
264	13200	7.126499168338094E-8
265	13250	6.672658699722849E-8
266	13300	6.535839192280842E-8
267	13350	5.9521236157020436E-8
268	13400	5.7485819055294974E-8
269	13450	5.11335962622119E-8
270	13500	4.780552557185252E-8
271	13550	4.150766330027145E-8
272	13600	3.5825724853606946E-8
273	13650	3.516207961286716E-8
274	13700	3.1042443999829737E-8
275	13750	2.7061666151431833E-8
276	13800	2.4624645738163958E-8
277	13850	2.362164510841953E-8
278	13900	2.2139604783200837E-8
279	13950	1.963792727899808E-8
280	14000	1.7749774585849654E-8
281	14050	1.678431831740369E-8
282	14100	1.5635231000388856E-8
283	14150	1.4630926415864421E-8
284	14200	1.2999773818400708E-8
285	14250	1.1486430340600325E-8
286	14300	1.0634142270647096E-8
287	14350	9.43336496865171E-9
288	14400	8.622340836669695E-9
289	14450	8.03459664491051E-9
290	14500	7.814831457628388E-9
291	14550	7.1225752845851185E-9
292	14600	6.065574197840916E-9
293	14650	6.0213570403479804E-9
294	14700	5.426589599691791E-9
295	14750	4.729166513945515E-9
296	14800	4.468265115845638E-9
297	14850	4.119070887705212E-9
298	14900	3.736044526347389E-9
299	14950	3.5193386741480577E-9
300	15000	3.328830344381926E-9
301	15050	3.1024230776895987E-9
302	15100	2.9483692115871352E-9
303	15150	2.638586635458633E-9
304	15200	2.462581910406261E-9
305	15250	2.4280926711114195E-9
306	15300	2.0043634732920046E-9
307	15350	1.6812049910098498E-9
308	15400	1.679397339238025E-9
309	15450	1.6031702455079415E-9
310	15500	1.5001912149944125E-9
311	15550	1.3660838769341332E-9
312	15600	1.053043815743309E-9
313	15650	1.0229716419878036E-9
314	15700	1.0052972903870318E-9
315	15750	9.187067828301275E-10
316	15800	8.65002649020723E-10
317	15850	7.511489553717574E-10
318	15900	6.569748885307881E-10
319	15950	6.054078916637314E-10
320	16000	5.001663522998841E-10
321	16050	4.970361050749725E-10
322	16100	4.396450873958069E-10
323	16150	4.1575552487590656E-10
324	16200	3.9570077960053763E-10
325	16250	3.717576831110153E-10
326	16300	3.4331096701266886E-10
327	16350	3.2108878064151167E-10
328	16400	3.0182892593819476E-10
329	16450	2.8741433683602055E-10
330	16500	2.729150504737765E-10
331	16550	2.3850172938416683E-10
332	16600	2.1116383250174197E-10
333	16650	1.9643350291112195E-10
334	16700	1.7077809575660897E-10
335	16750	1.6844484703994455E-10
336	16800	1.6281212835215112E-10
337	16850	1.5358961043984115E-10
338	16900	1.353904947909892E-10
339	16950	1.3076015022882953E-10
340	17000	1.222362003526248E-10
341	17050	1.114492327216463E-10
342	17100	1.0490000857363652E-10
343	17150	9.651001226453609E-11
344	17200	8.39225096725971E-11
345	17250	7.01489850658334E-11
346	17300	6.671759781833631E-11
347	17350	6.347599075236905E-11
348	17400	5.929438743992584E-11
349	17450	5.644534120797057E-11
350	17500	5.19293620038992E-11
351	17550	4.9828400445120536E-11
352	17600	4.31557452040551E-11
353	17650	3.674294965091344E-11
354	17700	3.244531256400012E-11
355	17750	2.991161025231187E-11
356	17800	2.928786929548826E-11
357	17850	2.57811957442552E-11
358	17900	2.3831693846205212E-11
359	17950	2.3087557646767512E-11
360	18000	2.2776495695637353E-11
361	18050	2.152525738363326E-11
362	18100	2.0789922654479877E-11
363	18150	1.741980393324481E-11
364	18200	1.5259274980273015E-11
365	18250	1.3740606009995867E-11
366	18300	1.3446971653895456E-11
367	18350	1.1078254011420404E-11
368	18400	9.93352656990446E-12
369	18450	9.406149433974912E-12
370	18500	8.548691903749718E-12
371	18550	8.283791046978053E-12
372	18600	7.552544579119823E-12
373	18650	7.168474735801514E-12
374	18700	6.539470347984309E-12
375	18750	5.670313622855208E-12
376	18800	4.725155745804645E-12
377	18850	4.333449331393499E-12
378	18900	3.807859915812902E-12
379	18950	3.6382540573550486E-12
380	19000	3.4561994687975015E-12
381	19050	3.3052055092645057E-12
382	19100	3.1745768802412965E-12
383	19150	3.111170020572995E-12
384	19200	2.8824084088031024E-12
385	19250	2.712452616942252E-12
386	19300	2.5084318839475617E-12
387	19350	2.075040459366359E-12
388	19400	1.923824054629925E-12
389	19450	1.8076372583668614E-12
390	19500	1.615231635617177E-12
391	19550	1.5303788630237834E-12
392	19600	1.313961664336034E-12
393	19650	1.2305732571958939E-12
394	19700	1.1965247230434316E-12
395	19750	1.0986453598787286E-12
396	19800	9.859351918510554E-13
397	19850	9.479332945427414E-13
398	19900	8.301049337483141E-13
399	19950	7.131698700606161E-13
400	20000	6.682661185865274E-13
401	20050	5.969394268178356E-13
402	20100	5.74254111318127E-13
403	20150	5.095043179896711E-13
404	20200	4.339347397832631E-13
405	20250	4.01387842934806E-13
406	20300	3.7648719757636514E-13
407	20350	3.401055587455893E-13
408	20400	3.1797076257137153E-13
409	20450	2.8748430791161987E-13
410	20500	2.7537784755011423E-13
411	20550	2.6146091718344644E-13
412	20600	2.2618251754836776E-13
413	20650	2.0722214234617214E-13
414	20700	1.9654831777149E-13
415	20750	1.7981301867792128E-13
416	20800	1.6488415932758961E-13
417	20850	1.5194560568065501E-13
418	20900	1.430724111335049E-13
419	20950	1.3084664932392452E-13
420	21000	1.2513109299549697E-13
421	21050	1.1929278936298266E-13
422	21100	1.0372264870774392E-13
423	21150	8.520692807096413E-14
424	21200	7.932372402332878E-14
425	21250	7.105769052170714E-14
426	21300	6.570347790586416E-14
427	21350	6.440622399182552E-14
428	21400	5.569443548753107E-14
429	21450	5.3100617637968947E-14
430	21500	4.736652420753609E-14
431	21550	4.321387303185617E-14
432	21600	3.847672276042194E-14
433	21650	3.305483016023258E-14
434	21700	2.9619682981101945E-14
435	21750	2.8282495452805503E-14
436	21800	2.5928229757503113E-14
437	21850	2.284205280685018E-14
438	21900	2.20189675548915E-14
439	21950	1.9592036638237042E-14
440	22000	1.7908498052939955E-14
441	22050	1.5620113487635747E-14
442	22100	1.3674966301466338E-14
443	22150	1.2827281228579165E-14
444	22200	1.1520873233136762E-14
445	22250	1.1055213767287561E-14
446	22300	1.0369907090414532E-14
447	22350	1.0096629368011787E-14
448	22400	9.650846103908414E-15
449	22450	9.237368564498366E-15
450	22500	8.802274038520911E-15
451	22550	7.900716164469268E-15
452	22600	7.137059437108797E-15
453	22650	6.8795028156409236E-15
454	22700	6.557386821583674E-15
455	22750	6.148741259723139E-15
456	22800	5.996180264477373E-15
457	22850	5.799055976511973E-15
458	22900	4.59008556581736E-15
459	22950	4.318174508701636E-15
460	23000	3.989895509907429E-15
461	23050	3.701802413741807E-15
462	23100	3.108150676559712E-15
463	23150	2.6685568428095888E-15
464	23200	2.3074397482941E-15
465	23250	2.164462624268991E-15
466	23300	2.1520849769887964E-15
467	23350	2.1058997284267785E-15
468	23400	1.8704027652284597E-15
469	23450	1.6372027139624649E-15
470	23500	1.3449838929669614E-15
471	23550	1.2054743214168737E-15
472	23600	1.1731011248724562E-15
473	23650	1.1047289846625313E-15
474	23700	1.0343182913304973E-15
475	23750	9.849929848238713E-16
476	23800	8.65589092485136E-16
477	23850	8.478646360084633E-16
478	23900	8.048030725602595E-16
479	23950	7.067901790670621E-16
480	24000	6.829928751941952E-16
481	24050	5.978405438778327E-16
482	24100	5.405356472706627E-16
483	24150	4.975210042315744E-16
484	24200	4.936542308200179E-16
485	24250	4.3371979460883983E-16
486	24300	3.737851327978574E-16
487	24350	3.486360079025515E-16
488	24400	3.274068216677191E-16
489	24450	2.8637335264326246E-16
490	24500	2.8015429710897165E-16
491	24550	2.717348994086398E-16
492	24600	2.4632846090034685E-16
493	24650	2.2820993106851755E-16
494	24700	2.0787225658354947E-16
495	24750	1.8934520695690125E-16
496	24800	1.763144005015226E-16
497	24850	1.6946138814471345E-16
498	24900	1.560793482755717E-16
499	24950	1.4589406831316857E-16
500	25000	1.3922690026608272E-16
501	25050	1.1861955792822454E-16
502	25100	9.640195180275331E-17
503	25150	8.525441326922669E-17
504	25200	7.696583479071674E-17
505	25250	7.183389342919775E-17
506	25300	6.433779109555016E-17
507	25350	6.008383457656024E-17
508	25400	5.42731648579248E-17
509	25450	4.908991937809351E-17
510	25500	4.318503315730783E-17
511	25550	4.181891218644035E-17
512	25600	4.13260175882443E-17
513	25650	3.975708616048539E-17
514	25700	3.55140393788386E-17
515	25750	3.046118447542338E-17
516	25800	2.5595806851706675E-17
517	25850	2.4905482540220333E-17
518	25900	2.4122465827111613E-17
519	25950	2.2344693912397447E-17
520	26000	2.084432666344968E-17
521	26050	1.899411523875746E-17
522	26100	1.7616779534040584E-17
523	26150	1.646132670124136E-17
524	26200	1.5480248808828102E-17
525	26250	1.369726577838593E-17
526	26300	1.2305809563955023E-17
527	26350	1.0605259177804919E-17
528	26400	1.0083751318495825E-17
529	26450	8.395349698682369E-18
530	26500	7.742696504688108E-18
531	26550	7.366206284601435E-18
532	26600	6.449361337795573E-18
533	26650	6.225796139201603E-18
534	26700	5.922675492294361E-18
535	26750	5.31189975932304E-18
536	26800	5.064984877263125E-18
537	26850	4.745209267074548E-18
538	26900	4.6187674676891595E-18
539	26950	4.419953246505279E-18
540	27000	3.9208128469175075E-18
541	27050	3.669690852918848E-18
542	27100	3.359157885084706E-18
543	27150	3.0934086208153243E-18
544	27200	2.9292553872589816E-18
545	27250	2.7946361768867213E-18
546	27300	2.49183133129096E-18
547	27350	2.4053573186640247E-18
548	27400	2.231975068409063E-18
549	27450	1.961604018691516E-18
550	27500	1.879344354602369E-18
551	27550	1.6371457898308039E-18
552	27600	1.4718806465844067E-18
553	27650	1.290033545535032E-18
554	27700	1.07567817533479E-18
555	27750	1.013007362397317E-18
556	27800	9.504104808623213E-19
557	27850	8.617028975116204E-19
558	27900	8.411513752172852E-19
559	27950	7.499724136063325E-19
560	28000	7.136787100147173E-19
561	28050	6.622553695384206E-19
562	28100	5.213484671988944E-19
563	28150	4.981376759679423E-19
564	28200	4.49587128662826E-19
565	28250	4.39674404942336E-19
566	28300	4.0001765569500533E-19
567	28350	3.751310171660145E-19
568	28400	3.565144178474736E-19
569	28450	3.4789764710003513E-19
570	28500	3.084357523597663E-19
571	28550	2.9848969243623136E-19
572	28600	2.8898919224847E-19
573	28650	2.562342691655211E-19
574	28700	2.206248921244386E-19
575	28750	2.0224326287319055E-19
576	28800	1.9608650185092143E-19
577	28850	1.7758719901347869E-19
578	28900	1.4865840814301451E-19
579	28950	1.393495809788262E-19
580	29000	1.24981522405524E-19
581	29050	1.1887114782916413E-19
582	29100	1.094183319034646E-19
583	29150	1.0312419145858435E-19
584	29200	9.171603989727287E-20
585	29250	9.148840499531425E-20
586	29300	8.484295953313046E-20
587	29350	8.027993312624982E-20
588	29400	7.36862023664581E-20
589	29450	6.35463000448628E-20
590	29500	5.694131067617383E-20
591	29550	4.788465656275629E-20
592	29600	4.4583389378710266E-20
593	29650	4.295356041671083E-20
594	29700	3.9148623629207063E-20
595	29750	3.620438233036412E-20
596	29800	3.3099212900101736E-20
597	29850	3.2019710176887255E-20
598	29900	2.7163840782443766E-20
599	29950	2.4654568718416405E-20
600	30000	2.2945956702735734E-20
601	30050	2.1550103769837557E-20
602	30100	1.914958906677208E-20
603	30150	1.7222078947505457E-20
604	30200	1.5967352174952815E-20
605	30250	1.4273307633899705E-20
606	30300	1.3273550662842216E-20
607	30350	1.263739886562926E-20
608	30400	1.1706717642024814E-20
609	30450	1.1208832479615139E-20
610	30500	1.0684652556622272E-20
611	30550	9.359218609061312E-21
612	30600	8.463234584885195E-21
613	30650	7.623748623112295E-21
614	30700	7.091157117058628E-21
615	30750	6.624621342680951E-21
616	30800	6.342165993809622E-21
617	30850	5.9997298040761554E-21
618	30900	5.357188783348677E-21
619	30950	4.613506370029698E-21
620	31000	4.068122623937511E-21
621	31050	3.824757765840384E-21
622	31100	3.684079195245011E-21
623	31150	3.525224225239723E-21
624	31200	3.231836914021241E-21
625	31250	2.9616960901223975E-21
626	31300	2.6171281871109117E-21
627	31350	2.3695714081495724E-21
628	31400	2.285664489865426E-21
629	31450	2.2289255504806457E-21
630	31500	2.0778160800502145E-21
631	31550	1.8201564935810134E-21
632	31600	1.6114881844402789E-21
633	31650	1.5003926499732587E-21
634	31700	1.3529231567658776E-21
635	31750	1.141959194411935E-21
636	31800	1.0466449855117415E-21
637	31850	9.75935019942553E-22
638	31900	8.67378496026152E-22
639	31950	7.950555743804537E-22
640	32000	7.34564457754449E-22
641	32050	6.757770275238367E-22
642	32100	6.598497869615108E-22
643	32150	6.345540739985953E-22
644	32200	6.000376793465514E-22
645	32250	5.525670051791476E-22
646	32300	5.313071028395781E-22
647	32350	4.731657890045586E-22
648	32400	4.421959879280707E-22
649	32450	4.0559477587265257E-22
650	32500	3.431492435231708E-22
651	32550	3.208626370093465E-22
652	32600	2.9369057770767924E-22
653	32650	2.5428557588006175E-22
654	32700	2.3149204344930384E-22
655	32750	2.089528558915434E-22
656	32800	1.9340284415039708E-22
657	32850	1.7657923231200898E-22
658	32900	1.6029643460991238E-22
659	32950	1.4630560230041123E-22
660	33000	1.276051598268861E-22
661	33050	1.2566139685195571E-22
662	33100	1.1399205682830721E-22
663	33150	1.0404884254850304E-22
664	33200	9.293901993465511E-23
665	33250	8.176144399643601E-23
666	33300	7.909644313269627E-23
667	33350	7.532092751848948E-23
668	33400	7.235895620625597E-23
669	33450	6.339586587363891E-23
670	33500	6.081481450358587E-23
671	33550	5.453513581427254E-23
672	33600	4.9517099960035725E-23
673	33650	4.601730587719339E-23
674	33700	4.0367822042620757E-23
675	33750	3.632431905290835E-23
676	33800	3.417900997193946E-23
677	33850	3.291275007505369E-23
678	33900	2.9614327532226876E-23
679	33950	2.4034744231217073E-23
680	34000	2.390892513217927E-23
681	34050	2.1707297918087796E-23
682	34100	1.9332258399853223E-23
683	34150	1.590203659530316E-23
684	34200	1.5384146934047982E-23
685	34250	1.3936959086780895E-23
686	34300	1.365923832385289E-23
687	34350	1.2958656953046375E-23
688	34400	1.2057448515483523E-23
689	34450	1.1209498989365049E-23
690	34500	1.0642000745105925E-23
691	34550	9.955564218332745E-24
692	34600	9.553387527064598E-24
693	34650	8.476331302343185E-24
694	34700	7.706064751359947E-24
695	34750	6.48955626383527E-24
696	34800	6.306183077207222E-24
697	34850	5.952417978135296E-24
698	34900	4.967743966029697E-24
699	34950	4.467684358420306E-24
700	35000	4.1854478998756324E-24
701	35050	3.953827467218005E-24
702	35100	3.550364239493919E-24
703	35150	3.341136222114466E-24
704	35200	3.265318223005231E-24
705	35250	3.04503125722932E-24
706	35300	2.588022490605694E-24
707	35350	2.393992707910175E-24
708	35400	2.3064345589190315E-24
709	35450	2.1653690961172388E-24
710	35500	2.0155051599721745E-24
711	35550	1.6706885844234267E-24
712	35600	1.5278968926985337E-24
713	35650	1.4336350105039095E-24
714	35700	1.3253560291521482E-24
715	35750	1.2747805652987054E-24
716	35800	1.1596070741512333E-24
717	35850	1.0899514258154717E-24
718	35900	9.168825190536445E-25
719	35950	8.635427054585345E-25
720	36000	7.953307359330484E-25
721	36050	7.580570953321762E-25
722	36100	7.108730382592198E-25
723	36150	6.857382358122628E-25
724	36200	6.126228035592873E-25
725	36250	5.74150681535092E-25
726	36300	5.063233532734432E-25
727	36350	4.584060305840788E-25
728	36400	4.302981731882677E-25
729	36450	4.0097710758134625E-25
730	36500	3.3228564131929453E-25
731	36550	3.1246802545426046E-25
732	36600	3.0289671193361677E-25
733	36650	2.6236051323469744E-25
734	36700	2.3702132502298517E-25
735	36750	2.1033737608948587E-25
736	36800	1.8886376970123116E-25
737	36850	1.7881022081077904E-25
738	36900	1.6252399659436229E-25
739	36950	1.4618905053321758E-25
740	37000	1.274775855777932E-25
741	37050	1.136698028150257E-25
742	37100	1.1115301113767032E-25
743	37150	1.0559498572344665E-25
744	37200	1.0000755940229452E-25
745	37250	9.339508544969273E-26
746	37300	8.644421610662177E-26
747	37350	7.989552322212454E-26
748	37400	7.110345845099733E-26
749	37450	6.507714209954574E-26
750	37500	6.205569499809056E-26
751	37550	5.885287567688578E-26
752	37600	5.355000625036792E-26
753	37650	4.9466118088029187E-26
754	37700	4.2845665890469706E-26
755	37750	4.011573467243471E-26
756	37800	3.7651282717205633E-26
757	37850	3.3775355110490986E-26
758	37900	2.98166333565907E-26
759	37950	2.770197272045655E-26
760	38000	2.452630188756177E-26
761	38050	2.2852344483620894E-26
762	38100	2.151221186534721E-26
763	38150	1.9475882633614573E-26
764	38200	1.6111626190653634E-26
765	38250	1.4783663657957875E-26
766	38300	1.3532386685936456E-26
767	38350	1.278234068839563E-26
768	38400	1.2467556124716743E-26
769	38450	1.1813869520240013E-26
770	38500	1.078884263860482E-26
771	38550	1.0522730764738143E-26
772	38600	9.922476992715544E-27
773	38650	9.157987784027298E-27
774	38700	8.497722865719811E-27
775	38750	8.073827101410475E-27
776	38800	7.139470517771247E-27
777	38850	6.781503425000239E-27
778	38900	6.1720268743524065E-27
779	38950	5.6833623965767656E-27
780	39000	5.232855344619861E-27
781	39050	4.598304646248088E-27
782	39100	4.18897143910582E-27
783	39150	3.6748685305082404E-27
784	39200	3.448362702675804E-27
785	39250	3.0494020465940114E-27
786	39300	2.7168306283372285E-27
787	39350	2.258355421263958E-27
788	39400	2.1240339821389986E-27
789	39450	2.0420413124223038E-27
790	39500	1.854729693391914E-27
791	39550	1.734035545878145E-27
792	39600	1.6386646392031387E-27
793	39650	1.5216244206102085E-27
794	39700	1.3974285308556723E-27
795	39750	1.3606590340192383E-27
796	39800	1.2648197047097659E-27
797	39850	1.1996518275170541E-27
798	39900	1.161753880178397E-27
799	39950	9.853506614819318E-28
800	40000	9.058759922135311E-28
801	40050	8.39853115293073E-28
802	40100	7.7468558386713405E-28
803	40150	7.049038162480401E-28
804	40200	6.5988129812003225E-28
805	40250	6.3844244400050105E-28
806	40300	5.671718746828507E-28
807	40350	5.087339492672511E-28
808	40400	4.454026762817442E-28
809	40450	4.1279605690174125E-28
810	40500	3.8288428364517224E-28
811	40550	3.59442609516325E-28
812	40600	3.4187593146910474E-28
813	40650	3.216834282910969E-28
814	40700	3.0353144693886015E-28
815	40750	2.8354533094738184E-28
816	40800	2.6270792842298776E-28
817	40850	2.2339177378843863E-28
818	40900	1.8869578616745662E-28
819	40950	1.4763047622492421E-28
820	41000	1.424624436914444E-28
821	41050	1.2575476681999338E-28
822	41100	1.2095107611183882E-28
823	41150	1.1057084368973084E-28
824	41200	1.0210228979508625E-28
825	41250	9.831806644455226E-29
826	41300	9.434395046227403E-29
827	41350	8.997420189874593E-29
828	41400	8.445992356888006E-29
829	41450	7.622265835858563E-29
830	41500	6.991646789078292E-29
831	41550	6.226678079596779E-29
832	41600	5.944868500047355E-29
833	41650	5.497502284999257E-29
834	41700	5.120950717840347E-29
835	41750	4.772326437592681E-29
836	41800	4.3104785614184355E-29
837	41850	3.9280658447703996E-29
838	41900	3.529961191839867E-29
839	41950	3.280746782637655E-29
840	42000	2.778424800980758E-29
841	42050	2.4847800000991244E-29
842	42100	2.3857381054374838E-29
843	42150	2.3018874574681456E-29
844	42200	2.0723760280761386E-29
845	42250	1.854148587933209E-29
846	42300	1.5961464767694558E-29
847	42350	1.493365894164486E-29
848	42400	1.4221134122533544E-29
849	42450	1.3867180149184095E-29
850	42500	1.2347699909073629E-29
851	42550	1.1739261863771579E-29
852	42600	1.0808146153353592E-29
853	42650	9.433196179458066E-30
854	42700	8.980356646295853E-30
855	42750	8.417737658383302E-30
856	42800	7.217735410768558E-30
857	42850	6.471116932832049E-30
858	42900	6.122436526976682E-30
859	42950	5.345747319881874E-30
860	43000	4.8292082641703166E-30
861	43050	4.5562654975481855E-30
862	43100	4.111024198086716E-30
863	43150	3.995599591786693E-30
864	43200	3.700536088919027E-30
865	43250	3.423668098452003E-30
866	43300	3.0845582592190968E-30
867	43350	3.0245820648185244E-30
868	43400	2.8467162399122223E-30
869	43450	2.5169413302452826E-30
870	43500	2.1815742393033042E-30
871	43550	2.046609389364263E-30
872	43600	1.7962677972491046E-30
873	43650	1.6863263679764575E-30
874	43700	1.664290647034897E-30
875	43750	1.5538787884083626E-30
876	43800	1.4429909083951104E-30
877	43850	1.3098857950604146E-30
878	43900	1.2369018706947152E-30
879	43950	1.0971184240305655E-30
880	44000	1.0085491487603788E-30
881	44050	9.768339201535053E-31
882	44100	9.107031735493432E-31
883	44150	7.556041778454902E-31
884	44200	6.872290353355488E-31
885	44250	6.589844354406337E-31
886	44300	5.817111570620864E-31
887	44350	5.5631927466434E-31
888	44400	5.339924229347091E-31
889	44450	4.891499351494367E-31
890	44500	4.6185264215073246E-31
891	44550	4.265427032742718E-31
892	44600	3.5635211917154046E-31
893	44650	3.094458950250682E-31
894	44700	2.8805292241257076E-31
895	44750	2.724369216714492E-31
896	44800	2.353092610713625E-31
897	44850	2.159147426838283E-31
898	44900	1.8784760515261412E-31
899	44950	1.82831336261252E-31
900	45000	1.6481949354210647E-31
901	45050	1.6233484647099638E-31
902	45100	1.4771769944226737E-31
903	45150	1.3694291365242753E-31
904	45200	1.2205113019083112E-31
905	45250	1.0606166303500062E-31
906	45300	1.0283728856106196E-31
907	45350	9.037210007838768E-32
908	45400	8.57987813673393E-32
909	45450	7.910515640484928E-32
910	45500	7.098388202662895E-32
911	45550	6.771767514780207E-32
912	45600	6.309055444994499E-32
913	45650	5.742119876254714E-32
914	45700	5.15255034304334E-32
915	45750	4.700182943949072E-32
916	45800	4.2248443519171324E-32
917	45850	3.874806149695369E-32
918	45900	3.420112522748144E-32
919	45950	3.126519685368338E-32
920	46000	2.840268919435178E-32
921	46050	2.677742557837876E-32
922	46100	2.246008820291383E-32
923	46150	2.0896826207645776E-32
924	46200	1.9057961601029312E-32
925	46250	1.7279251247823727E-32
926	46300	1.5835468925526918E-32
927	46350	1.4841328098847896E-32
928	46400	1.3528546098259053E-32
929	46450	1.2405453655021678E-32
930	46500	1.0931013684064807E-32
931	46550	1.0347005749832451E-32
932	46600	1.0094877795866824E-32
933	46650	9.219174075789656E-33
934	46700	8.762528218498303E-33
935	46750	8.304441638489299E-33
936	46800	6.826169529732251E-33
937	46850	6.517243497702535E-33
938	46900	6.193625542159761E-33
939	46950	5.1717574708862706E-33
940	47000	4.814609419981328E-33
941	47050	4.691853201050003E-33
942	47100	4.301723102844518E-33
943	47150	4.173215992091751E-33
944	47200	4.062826016096285E-33
945	47250	3.717631336919068E-33
946	47300	3.4447050754803944E-33
947	47350	3.282583901693538E-33
948	47400	3.0050020040149723E-33
949	47450	2.8383603114133373E-33
950	47500	2.7319037358822863E-33
951	47550	2.412650408893595E-33
952	47600	1.9435305735467723E-33
953	47650	1.599405111807633E-33
954	47700	1.4158181417628365E-33
955	47750	1.3581067427092603E-33
956	47800	1.2931360441162272E-33
957	47850	1.1553309739254528E-33
958	47900	1.0246046980214166E-33
959	47950	9.782344115392824E-34
960	48000	9.218544926796234E-34
961	48050	8.415004412525198E-34
962	48100	7.944633771202555E-34
963	48150	7.744084021018223E-34
964	48200	7.292971850509694E-34
965	48250	7.1883489984541166E-34
966	48300	6.5890345665273966E-34
967	48350	5.571349100194791E-34
968	48400	5.384473203300595E-34
969	48450	4.8744878588940824E-34
970	48500	4.2355620243660785E-34
971	48550	3.7425064765378094E-34
972	48600	3.226170058986278E-34
973	48650	3.070691526581876E-34
974	48700	2.923790648963445E-34
975	48750	2.5782713205937116E-34
976	48800	2.3549292435928393E-34
977	48850	2.2499628585272298E-34
978	48900	2.1083803909486436E-34
979	48950	1.9109445050801967E-34
980	49000	1.7961946060740755E-34
981	49050	1.762553208117821E-34
982	49100	1.6412731102464854E-34
983	49150	1.448771173574314E-34
984	49200	1.2228553630431825E-34
985	49250	1.1518878526988077E-34
986	49300	1.0327715217503376E-34
987	49350	9.802915515563274E-35
988	49400	9.463474499080779E-35
989	49450	8.618531961608517E-35
990	49500	7.275029168983088E-35
991	49550	6.932608979164014E-35
992	49600	6.593822320665822E-35
993	49650	6.009742034409807E-35
994	49700	5.444442230484457E-35
995	49750	5.190772504873637E-35
996	49800	4.900932021651087E-35
997	49850	4.2585663975060993E-35
998	49900	3.6735593260601423E-35
999	49950	3.310177851615752E-35
1000	50000	3.044298631271364E-35
1001	50050	2.9036030332126623E-35
1002	50100	2.463947810879705E-35
1003	50150	2.3751897815112468E-35
1004	50200	2.3247943317094288E-35
1005	50250	2.1875908586890907E-35
1006	50300	1.8844040093790764E-35
1007	50350	1.7976576347244277E-35
1008	50400	1.596847134932404E-35
1009	50450	1.49173899622213E-35
1010	50500	1.3242620181337134E-35
1011	50550	1.1504639915677627E-35
1012	50600	1.0334153243646352E-35
1013	50650	1.0176372032118043E-35
1014	50700	9.627903856962851E-36
1015	50750	8.657080502654371E-36
1016	50800	7.903169721366157E-36
1017	50850	7.573136614012725E-36
1018	50900	6.778751463996778E-36
1019	50950	6.201679312076159E-36
1020	51000	5.479236013544964E-36
1021	51050	5.3082921546248006E-36
1022	51100	4.8123076565035606E-36
1023	51150	4.619385111816198E-36
1024	51200	4.398711668653933E-36
1025	51250	3.919698378962543E-36
1026	51300	3.6866390171363783E-36
1027	51350	3.5191960349782894E-36
1028	51400	3.1057214556052E-36
1029	51450	2.8993715364406623E-36
1030	51500	2.4482687672742694E-36
1031	51550	2.2962989476656743E-36
1032	51600	2.2404925434351413E-36
1033	51650	2.1257928522344905E-36
1034	51700	1.9860507788056594E-36
1035	51750	1.8127678213590203E-36
1036	51800	1.578069944646949E-36
1037	51850	1.3800424128337263E-36
1038	51900	1.3058803401991299E-36
1039	51950	1.173696777312424E-36
1040	52000	1.0740740547843017E-36
1041	52050	9.347416130366808E-37
1042	52100	8.300013501487153E-37
1043	52150	7.995211971048987E-37
1044	52200	7.308232681647825E-37
1045	52250	7.1333428323601295E-37
1046	52300	6.328135669766111E-37
1047	52350	6.020207066161174E-37
1048	52400	5.193532743475768E-37
1049	52450	4.960250101589606E-37
1050	52500	4.776270185413431E-37
1051	52550	3.897105460238145E-37
1052	52600	3.7345662860292996E-37
1053	52650	3.516669255448615E-37
1054	52700	3.1265129550307955E-37
1055	52750	2.7838328706876593E-37
1056	52800	2.4166150957937985E-37
1057	52850	2.2674942442085807E-37
1058	52900	2.0418732954266052E-37
1059	52950	1.9738963838106635E-37
1060	53000	1.8902712089074804E-37
1061	53050	1.8129789820129203E-37
1062	53100	1.6836478153735477E-37
1063	53150	1.509030343317787E-37
1064	53200	1.3134334336513168E-37
1065	53250	1.229071738232878E-37
1066	53300	1.138036813887324E-37
1067	53350	1.07328385389357E-37
1068	53400	9.321022125159486E-38
1069	53450	8.992992890655317E-38
1070	53500	7.861308246615266E-38
1071	53550	7.734646508996798E-38
1072	53600	7.004398215477576E-38
1073	53650	6.428278426288394E-38
1074	53700	6.048911022857672E-38
1075	53750	5.806474483406434E-38
1076	53800	5.430772064100592E-38
1077	53850	4.963108534055125E-38
1078	53900	4.5933954846301334E-38
1079	53950	4.0113004261451147E-38
1080	54000	3.5460132064016407E-38
1081	54050	3.162143724055747E-38
1082	54100	2.99100033883072E-38
1083	54150	2.713359914248927E-38
1084	54200	2.520427487189099E-38
1085	54250	2.3995196995577675E-38
1086	54300	2.1679306782139575E-38
1087	54350	2.0124125245180044E-38
1088	54400	1.9448169974698875E-38
1089	54450	1.786725600598636E-38
1090	54500	1.6652134705304853E-38
1091	54550	1.430695141489181E-38
1092	54600	1.284306335087835E-38
1093	54650	1.258495287260058E-38
1094	54700	1.13477130873341E-38
1095	54750	1.0252820756804124E-38
1096	54800	9.343704552541204E-39
1097	54850	8.857780854442848E-39
1098	54900	8.246426955671387E-39
1099	54950	7.583782335549582E-39
1100	55000	6.738580783677093E-39
1101	55050	6.381418086725861E-39
1102	55100	5.718375220501099E-39
1103	55150	5.435013596187624E-39
1104	55200	5.1032485946865593E-39
1105	55250	4.805328740651049E-39
1106	55300	4.433793209769137E-39
1107	55350	4.0282496763702715E-39
1108	55400	3.4885488295251374E-39
1109	55450	3.235334514490886E-39
1110	55500	2.979533474029375E-39
1111	55550	2.6829739918903005E-39
1112	55600	2.4917152410983673E-39
1113	55650	2.3127797294921438E-39
1114	55700	2.131014502188237E-39
1115	55750	1.6967165441172736E-39
1116	55800	1.3779067895968427E-39
1117	55850	1.2795806280169417E-39
1118	55900	1.1748328981561524E-39
1119	55950	1.1660722028729131E-39
1120	56000	1.127147424485501E-39
1121	56050	1.017655417966756E-39
1122	56100	9.452503888796051E-40
1123	56150	8.306185086781135E-40
1124	56200	7.886271690382557E-40
1125	56250	7.634274362758801E-40
1126	56300	7.027108728945152E-40
1127	56350	6.233367880997495E-40
1128	56400	5.467159443002884E-40
1129	56450	5.228412719771288E-40
1130	56500	4.7474916619431025E-40
1131	56550	4.189287738980885E-40
1132	56600	3.9913237602764115E-40
1133	56650	3.729801034323964E-40
1134	56700	3.5133624922773807E-40
1135	56750	2.9871157955950775E-40
1136	56800	2.8221677976071998E-40
1137	56850	2.4590321719077304E-40
1138	56900	2.214495113406827E-40
1139	56950	1.9787032479501346E-40
1140	57000	1.9029901926441517E-40
1141	57050	1.7295608800219483E-40
1142	57100	1.657146931411676E-40
1143	57150	1.5838691961028407E-40
1144	57200	1.473793297573037E-40
1145	57250	1.4120654687474179E-40
1146	57300	1.245078649220209E-40
1147	57350	1.1906451513125877E-40
1148	57400	1.0697000621946877E-40
1149	57450	9.429452281921985E-41
1150	57500	9.169842223640345E-41
1151	57550	8.363556109065935E-41
1152	57600	7.668921988118013E-41
1153	57650	7.263467062562299E-41
1154	57700	6.834360716339023E-41
1155	57750	6.441979104971075E-41
1156	57800	5.243336511910077E-41
1157	57850	4.826458150351497E-41
1158	57900	4.2394901072795756E-41
1159	57950	3.9913392916865224E-41
1160	58000	3.922858798944203E-41
1161	58050	3.7103776251544647E-41
1162	58100	3.386008322079959E-41
1163	58150	3.224058578338171E-41
1164	58200	2.512107000242315E-41
1165	58250	2.2862777613429033E-41
1166	58300	2.0204816097633201E-41
1167	58350	1.9212447708189754E-41
1168	58400	1.8080797018923138E-41
1169	58450	1.7181581406524627E-41
1170	58500	1.4003694843764468E-41
1171	58550	1.3158702260592987E-41
1172	58600	1.155382929686152E-41
1173	58650	1.019233854118878E-41
1174	58700	8.919406238308843E-42
1175	58750	8.630055633444408E-42
1176	58800	8.043935028924216E-42
1177	58850	7.961426654858752E-42
1178	58900	7.817810994397341E-42
1179	58950	7.472563396104061E-42
1180	59000	6.979439583416521E-42
1181	59050	6.195876676702294E-42
1182	59100	5.992564323635256E-42
1183	59150	5.501989516804193E-42
1184	59200	5.2815180875601524E-42
1185	59250	4.786720534754227E-42
1186	59300	4.50077391754042E-42
1187	59350	4.422452219688117E-42
1188	59400	4.3052824439271686E-42
1189	59450	3.6390473932511305E-42
1190	59500	3.0340038708966983E-42
1191	59550	2.865799829544081E-42
1192	59600	2.6412744136509424E-42
1193	59650	2.440286320704346E-42
1194	59700	2.174630875843163E-42
1195	59750	2.0739534907575905E-42
1196	59800	2.02961833892235E-42
1197	59850	1.819883836938263E-42
1198	59900	1.7188450027395227E-42
1199	59950	1.6845040437697234E-42
1200	60000	1.601746682406119E-42
1201	60050	1.4394930353145802E-42
1202	60100	1.363155092248795E-42
1203	60150	1.2238982914361594E-42
1204	60200	1.045767267166009E-42
1205	60250	9.770944414337383E-43
1206	60300	8.740974371584469E-43
1207	60350	7.709665975300265E-43
1208	60400	7.395383365202917E-43
1209	60450	6.631117449443545E-43
1210	60500	6.022197714421869E-43
1211	60550	5.579242455097813E-43
1212	60600	5.152266570294633E-43
1213	60650	4.6907512188506766E-43
1214	60700	4.436360609212589E-43
1215	60750	3.7382032020137975E-43
1216	60800	3.4561476472532318E-43
1217	60850	3.32569744093643E-43
1218	60900	3.0905382063152965E-43
1219	60950	2.7613956801432937E-43
1220	61000	2.576256450598806E-43
1221	61050	2.294040886646565E-43
1222	61100	2.1744935082278478E-43
1223	61150	2.0286514779977426E-43
1224	61200	1.9481776797104603E-43
1225	61250	1.782244839369476E-43
1226	61300	1.7221975984056969E-43
1227	61350	1.5153079799805168E-43
1228	61400	1.4089729529861937E-43
1229	61450	1.2508879916951132E-43
1230	61500	1.1221061408869892E-43
1231	61550	1.0712364648894793E-43
1232	61600	1.011417710687007E-43
1233	61650	9.525169288670982E-44
1234	61700	8.756891974630358E-44
1235	61750	8.514886231367451E-44
1236	61800	7.992925203127152E-44
1237	61850	6.931566281135714E-44
1238	61900	6.498553119052868E-44
1239	61950	5.735556229272085E-44
1240	62000	4.99174501323747E-44
1241	62050	4.728904574181357E-44
1242	62100	4.528459433791791E-44
1243	62150	4.3595000763637465E-44
1244	62200	3.6376269030015743E-44
1245	62250	3.190401428553903E-44
1246	62300	2.991546950952781E-44
1247	62350	2.6880247405176095E-44
1248	62400	2.563739884563351E-44
1249	62450	1.892772219024839E-44
1250	62500	1.7979773300321163E-44
1251	62550	1.7161323957208725E-44
1252	62600	1.5402504150544132E-44
1253	62650	1.4306782434510469E-44
1254	62700	1.3362675787786798E-44
1255	62750	1.2479279980205158E-44
1256	62800	1.1273051631525105E-44
1257	62850	1.0530618530157518E-44
1258	62900	1.014800573471967E-44
1259	62950	9.708042702696474E-45
1260	63000	9.207544150110846E-45
1261	63050	8.6135252373927E-45
1262	63100	7.655306339108208E-45
1263	63150	6.91537465572753E-45
1264	63200	6.630607240535791E-45
1265	63250	6.436987676090237E-45
1266	63300	5.268200467850718E-45
1267	63350	4.936258976336311E-45
1268	63400	4.503596826888583E-45
1269	63450	4.294466708083537E-45
1270	63500	4.2013531565481316E-45
1271	63550	3.737801466240041E-45
1272	63600	3.599945240544102E-45
1273	63650	3.1864342527697064E-45
1274	63700	2.924492846795588E-45
1275	63750	2.4101409784191875E-45
1276	63800	2.233372298349361E-45
1277	63850	2.079041453256322E-45
1278	63900	1.9028117143845166E-45
1279	63950	1.8342516974741343E-45
1280	64000	1.620739627292734E-45
1281	64050	1.3913574547832876E-45
1282	64100	1.2983238832275288E-45
1283	64150	1.2401496403114527E-45
1284	64200	1.214763394229729E-45
1285	64250	1.1649325691553402E-45
1286	64300	8.701690225285096E-46
1287	64350	8.291943978670848E-46
1288	64400	7.846270375520335E-46
1289	64450	7.005280624850486E-46
1290	64500	6.603137990600902E-46
1291	64550	6.110347146772303E-46
1292	64600	5.828931635017881E-46
1293	64650	5.4462113207158295E-46
1294	64700	5.027548795586799E-46
1295	64750	4.8750681061119544E-46
1296	64800	4.593245304718787E-46
1297	64850	4.527214155278147E-46
1298	64900	3.2304622898326812E-46
1299	64950	3.0864736296765132E-46
1300	65000	2.808640567139101E-46
1301	65050	2.5185939126904587E-46
1302	65100	2.437183162439958E-46
1303	65150	2.2936952764966192E-46
1304	65200	2.1651658986643482E-46
1305	65250	2.061253376351352E-46
1306	65300	1.8262337171321037E-46
1307	65350	1.7690683031612013E-46
1308	65400	1.7041318263201764E-46
1309	65450	1.606982452477173E-46
1310	65500	1.215837483620167E-46
1311	65550	1.1590697187715672E-46
1312	65600	1.0324334748892274E-46
1313	65650	1.0022285693311817E-46
1314	65700	8.9278431746756E-47
1315	65750	8.173472701043979E-47
1316	65800	7.506700087346061E-47
1317	65850	6.909373487765113E-47
1318	65900	5.764080812751957E-47
1319	65950	5.233151595484761E-47
1320	66000	4.503062643480355E-47
1321	66050	4.364769723843285E-47
1322	66100	4.2068226445435634E-47
1323	66150	3.996942372544097E-47
1324	66200	3.809543690101136E-47
1325	66250	3.6816772087941057E-47
1326	66300	3.413801527392007E-47
1327	66350	3.2564001842025147E-47
1328	66400	2.848202259297439E-47
1329	66450	2.47291320405969E-47
1330	66500	2.4215735247331815E-47
1331	66550	2.2237170812197984E-47
1332	66600	2.081090011735462E-47
1333	66650	1.9828333271878313E-47
1334	66700	1.7721390739769877E-47
1335	66750	1.7076533831875993E-47
1336	66800	1.5724066882133137E-47
1337	66850	1.4188245507867813E-47
1338	66900	1.1383445479374913E-47
1339	66950	1.083793659424834E-47
1340	67000	1.0389297557819475E-47
1341	67050	9.404272128858844E-48
1342	67100	8.832042684249477E-48
1343	67150	8.366800452719824E-48
1344	67200	7.221800071785402E-48
1345	67250	6.278474561855875E-48
1346	67300	5.4167813870052006E-48
1347	67350	5.192761849786302E-48
1348	67400	4.756702427024041E-48
1349	67450	4.6415150640905356E-48
1350	67500	4.411040045035019E-48
1351	67550	4.205221352731658E-48
1352	67600	3.8728308407456166E-48
1353	67650	3.716904817132195E-48
1354	67700	3.437915510542654E-48
1355	67750	3.012539069086419E-48
1356	67800	2.921664812434146E-48
1357	67850	2.7813864375933575E-48
1358	67900	2.4266759058685995E-48
1359	67950	2.1906041283605596E-48
1360	68000	1.975915325099557E-48
1361	68050	1.8873424421758786E-48
1362	68100	1.726469942121489E-48
1363	68150	1.6276993842333802E-48
1364	68200	1.5117357974312546E-48
1365	68250	1.2864846166897672E-48
1366	68300	1.1426101906999548E-48
1367	68350	9.469762178880674E-49
1368	68400	8.889417347484456E-49
1369	68450	8.34145011457769E-49
1370	68500	7.214866008031077E-49
1371	68550	6.126940476123717E-49
1372	68600	5.8749585870400504E-49
1373	68650	5.764359367384505E-49
1374	68700	4.7650391990953405E-49
1375	68750	4.285475701719915E-49
1376	68800	4.0290408450515234E-49
1377	68850	3.820694951390875E-49
1378	68900	3.3712269926954342E-49
1379	68950	3.1536697654911715E-49
1380	69000	2.829906259621236E-49
1381	69050	2.7478343873187468E-49
1382	69100	2.5334553287596836E-49
1383	69150	2.4093251459016646E-49
1384	69200	2.3139324520998164E-49
1385	69250	2.2785406575570784E-49
1386	69300	2.132192147228175E-49
1387	69350	1.9137004570275073E-49
1388	69400	1.6813367277738657E-49
1389	69450	1.5774152688500624E-49
1390	69500	1.432114396741449E-49
1391	69550	1.3166639992414536E-49
1392	69600	1.1468517439367557E-49
1393	69650	1.1249410948714315E-49
1394	69700	1.039351662157608E-49
1395	69750	8.1889192251728965E-50
1396	69800	7.948725303009642E-50
1397	69850	7.411610506553604E-50
1398	69900	7.332313999529926E-50
1399	69950	7.125813015272627E-50
1400	70000	6.174754034973686E-50
1401	70050	5.783450820594859E-50
1402	70100	5.4608568722259E-50
1403	70150	4.845386082955786E-50
1404	70200	4.488706553460051E-50
1405	70250	4.1611513584086216E-50
1406	70300	3.5780807842144017E-50
1407	70350	3.3271931283363337E-50
1408	70400	3.126437707139477E-50
1409	70450	2.8785214740732583E-50
1410	70500	2.769511862015953E-50
1411	70550	2.616216859510242E-50
1412	70600	2.337016940330579E-50
1413	70650	2.149529752748391E-50
1414	70700	1.9958461332652323E-50
1415	70750	1.8258325361550117E-50
1416	70800	1.6610739117651049E-50
1417	70850	1.5929534132007763E-50
1418	70900	1.259456120513166E-50
1419	70950	1.213293512414354E-50
1420	71000	1.0385084906094803E-50
1421	71050	8.378872324632539E-51
1422	71100	7.177439962151334E-51
1423	71150	6.713288711179927E-51
1424	71200	6.380271612327597E-51
1425	71250	5.713635488043544E-51
1426	71300	5.550709548374085E-51
1427	71350	5.205927104831284E-51
1428	71400	4.9769082831401947E-51
1429	71450	4.615360748021369E-51
1430	71500	4.150476864916152E-51
1431	71550	3.837928327701787E-51
1432	71600	3.57452696303397E-51
1433	71650	3.081363155256812E-51
1434	71700	2.9945589359276204E-51
1435	71750	2.950339350927912E-51
1436	71800	2.53369163861432E-51
1437	71850	2.3521611249514773E-51
1438	71900	2.2987694973995955E-51
1439	71950	2.106101982747922E-51
1440	72000	1.9642136048555084E-51
1441	72050	1.7686593947883522E-51
1442	72100	1.5378681558253793E-51
1443	72150	1.481611320269227E-51
1444	72200	1.2007866550319775E-51
1445	72250	1.148227709490685E-51
1446	72300	1.0325059064074452E-51
1447	72350	9.630605572283923E-52
1448	72400	8.32315267496326E-52
1449	72450	7.901648330973035E-52
1450	72500	7.12197939954544E-52
1451	72550	6.475762867196638E-52
1452	72600	6.0889465639065866E-52
1453	72650	5.572690681325458E-52
1454	72700	5.262908838230639E-52
1455	72750	4.91878252263362E-52
1456	72800	4.674370097052294E-52
1457	72850	4.354522853001485E-52
1458	72900	4.171860657336225E-52
1459	72950	3.808276642123476E-52
1460	73000	3.719920796248779E-52
1461	73050	3.4528907323928534E-52
1462	73100	2.7621181911513073E-52
1463	73150	2.622872614802606E-52
1464	73200	2.5062615677327737E-52
1465	73250	2.2463644376197392E-52
1466	73300	2.0356356736678455E-52
1467	73350	1.9952422457604047E-52
1468	73400	1.917580639873988E-52
1469	73450	1.78696178604641E-52
1470	73500	1.6660296785040558E-52
1471	73550	1.5169671039528783E-52
1472	73600	1.4190076987378623E-52
1473	73650	1.3195125664853784E-52
1474	73700	1.1498520883001794E-52
1475	73750	9.531086756918321E-53
1476	73800	8.730352159406735E-53
1477	73850	8.175849216106027E-53
1478	73900	6.261524635203808E-53
1479	73950	6.058091553393166E-53
1480	74000	5.739312751661303E-53
1481	74050	5.282150749305642E-53
1482	74100	5.066157279537614E-53
1483	74150	4.645362812165235E-53
1484	74200	4.355642840172599E-53
1485	74250	4.1036445116338526E-53
1486	74300	3.92845454064016E-53
1487	74350	2.6734275361841645E-53
1488	74400	2.5679154640730843E-53
1489	74450	2.430222159290747E-53
1490	74500	2.3405943921908997E-53
1491	74550	2.170601735503055E-53
1492	74600	2.0435143201924538E-53
1493	74650	1.9382443723883957E-53
1494	74700	1.8087112723519209E-53
1495	74750	1.6009677007514495E-53
1496	74800	1.3837649407907186E-53
1497	74850	1.2555973136327528E-53
1498	74900	1.0722539882231433E-53
1499	74950	1.0450429560547844E-53
1500	75000	1.0192687623974767E-53
1501	75050	9.587204365454032E-54
1502	75100	9.072537167834997E-54
1503	75150	8.53605678246373E-54
1504	75200	8.173164612240801E-54
1505	75250	7.819853446341551E-54
1506	75300	6.948501351627429E-54
1507	75350	6.721126301817261E-54
1508	75400	5.979542193711825E-54
1509	75450	5.665375006809337E-54
1510	75500	5.0769523217598744E-54
1511	75550	4.484802329027858E-54
1512	75600	3.918492385552604E-54
1513	75650	3.4063186941556794E-54
1514	75700	3.3008778336828604E-54
1515	75750	2.7339325103727844E-54
1516	75800	2.6424887881181445E-54
1517	75850	2.4103177231954639E-54
1518	75900	2.3102045910865134E-54
1519	75950	2.1884245859087135E-54
1520	76000	1.8241596234228515E-54
1521	76050	1.5943966505559994E-54
1522	76100	1.569794208083593E-54
1523	76150	1.5388059878912576E-54
1524	76200	1.466349287127234E-54
1525	76250	1.3564903112605083E-54
1526	76300	1.2363172960291746E-54
1527	76350	1.1736749182738112E-54
1528	76400	1.0643399526019349E-54
1529	76450	9.76091799033982E-55
1530	76500	8.715306159482401E-55
1531	76550	8.109182852445997E-55
1532	76600	7.791975699610159E-55
1533	76650	7.553907720218962E-55
1534	76700	6.685329218144767E-55
1535	76750	6.327939435747524E-55
1536	76800	6.0345375091073266E-55
1537	76850	5.4469655993860914E-55
1538	76900	5.055518073532678E-55
1539	76950	4.544950437735531E-55
1540	77000	3.1964153180389777E-55
1541	77050	2.7816516203938404E-55
1542	77100	2.4288100278793723E-55
1543	77150	2.298519086117336E-55
1544	77200	2.1242137033476576E-55
1545	77250	1.9611316028612982E-55
1546	77300	1.9089130808660343E-55
1547	77350	1.813323647102099E-55
1548	77400	1.69621065070557E-55
1549	77450	1.5695901321367587E-55
1550	77500	1.4656200052819994E-55
1551	77550	1.4074840651555592E-55
1552	77600	1.3769544535063122E-55
1553	77650	1.357573481706918E-55
1554	77700	9.77264389128792E-56
1555	77750	9.323117247539644E-56
1556	77800	9.251852847271808E-56
1557	77850	8.602517082736564E-56
1558	77900	7.494194859634744E-56
1559	77950	6.700531467570633E-56
1560	78000	6.1473679866096405E-56
1561	78050	5.097524378410236E-56
1562	78100	4.871893302620219E-56
1563	78150	4.561264740795098E-56
1564	78200	4.179645591688173E-56
1565	78250	3.892460259799289E-56
1566	78300	3.6164685643387923E-56
1567	78350	3.2827406575072287E-56
1568	78400	3.0894673803140747E-56
1569	78450	3.0400148209385403E-56
1570	78500	2.9314762873071183E-56
1571	78550	2.709291461004278E-56
1572	78600	2.576769888015882E-56
1573	78650	2.3892315403554745E-56
1574	78700	2.0038691793324795E-56
1575	78750	1.5071709924093773E-56
1576	78800	1.4526801111464048E-56
1577	78850	1.1121670462650285E-56
1578	78900	1.0879110016308435E-56
1579	78950	9.519064664613398E-57
1580	79000	9.144938227380719E-57
1581	79050	8.681584314781851E-57
1582	79100	8.120791786682756E-57
1583	79150	7.605048177092385E-57
1584	79200	7.051590549997475E-57
1585	79250	6.746542042977528E-57
1586	79300	6.369149440983522E-57
1587	79350	5.983404882966997E-57
1588	79400	5.587735343764451E-57
1589	79450	5.0909928882304693E-57
1590	79500	4.6184494012505076E-57
1591	79550	4.4043873506085323E-57
1592	79600	4.021134774454691E-57
1593	79650	3.3862633779464976E-57
1594	79700	3.3361903107949007E-57
1595	79750	3.1100693004995263E-57
1596	79800	2.8138044213600763E-57
1597	79850	2.5745695413203287E-57
1598	79900	2.4218094562195633E-57
1599	79950	2.2346066423909951E-57
1600	80000	2.0419477809767E-57
1601	80050	1.8593703501951416E-57
1602	80100	1.7421241626530285E-57
1603	80150	1.639339812660786E-57
1604	80200	1.4671587617147157E-57
1605	80250	1.1839026511137892E-57
1606	80300	1.111120179531679E-57
1607	80350	1.0749434553177633E-57
1608	80400	9.136888497198708E-58
1609	80450	8.420194792069399E-58
1610	80500	7.771286595554795E-58
1611	80550	7.29289594111942E-58
1612	80600	6.645104002024569E-58
1613	80650	5.656859230373312E-58
1614	80700	5.4422566080966616E-58
1615	80750	4.494729994128575E-58
1616	80800	4.106009144745194E-58
1617	80850	3.503247257016924E-58
1618	80900	3.320514463132832E-58
1619	80950	3.1564238969026763E-58
1620	81000	2.7559287049142752E-58
1621	81050	2.4482180145176386E-58
1622	81100	2.2479187568373817E-58
1623	81150	2.1781279258250988E-58
1624	81200	2.1263473095667023E-58
1625	81250	2.0005531575239112E-58
1626	81300	1.9087507314695038E-58
1627	81350	1.8630941858148633E-58
1628	81400	1.6591347996132515E-58
1629	81450	1.4841861109214995E-58
1630	81500	1.3458583290546023E-58
1631	81550	1.24584413912547E-58
1632	81600	1.2049344214809944E-58
1633	81650	1.1438459707203046E-58
1634	81700	1.005595694771096E-58
1635	81750	9.137409043440182E-59
1636	81800	8.472026224529979E-59
1637	81850	8.042968788121203E-59
1638	81900	7.068142246941189E-59
1639	81950	6.569557375423914E-59
1640	82000	5.785556800239293E-59
1641	82050	5.55313533280817E-59
1642	82100	5.128530339867787E-59
1643	82150	4.837814828370655E-59
1644	82200	4.607721031472252E-59
1645	82250	4.440030871580466E-59
1646	82300	4.359178870574795E-59
1647	82350	4.117800182507021E-59
1648	82400	3.7887711866050316E-59
1649	82450	2.9084795779298792E-59
1650	82500	2.812197283648083E-59
1651	82550	2.720674361725081E-59
1652	82600	2.452407908676804E-59
1653	82650	2.3718566057889927E-59
1654	82700	2.0429793758539934E-59
1655	82750	2.010818284329395E-59
1656	82800	1.8776561941211742E-59
1657	82850	1.7324474551001369E-59
1658	82900	1.2566839802190045E-59
1659	82950	1.1535310186409972E-59
1660	83000	1.0130484459657365E-59
1661	83050	8.772991441380436E-60
1662	83100	7.684286192452736E-60
1663	83150	6.74463591526707E-60
1664	83200	5.921659588457781E-60
1665	83250	5.66360268545108E-60
1666	83300	5.346695345058979E-60
1667	83350	4.678213847829145E-60
1668	83400	4.4111820591893225E-60
1669	83450	4.2862069711823995E-60
1670	83500	3.8609094257395626E-60
1671	83550	3.657278198585413E-60
1672	83600	3.4118523133923707E-60
1673	83650	3.004791619336544E-60
1674	83700	2.6914080192461865E-60
1675	83750	2.606907954892304E-60
1676	83800	2.4715921019901195E-60
1677	83850	2.2783945243719507E-60
1678	83900	2.0356162493388533E-60
1679	83950	1.9412425718145886E-60
1680	84000	1.735638375138943E-60
1681	84050	1.6626087818596694E-60
1682	84100	1.5772123450900013E-60
1683	84150	1.48072940297659E-60
1684	84200	1.3028986756307105E-60
1685	84250	1.2273696263056794E-60
1686	84300	1.1303417211474777E-60
1687	84350	1.0274483579833007E-60
1688	84400	9.70755570679404E-61
1689	84450	8.771868661835668E-61
1690	84500	7.634636037415002E-61
1691	84550	6.922180519917422E-61
1692	84600	6.476458354763517E-61
1693	84650	5.5937760157304705E-61
1694	84700	5.2809938218251715E-61
1695	84750	5.007557587737477E-61
1696	84800	4.655605301386481E-61
1697	84850	4.513606658578598E-61
1698	84900	3.8329039087599415E-61
1699	84950	3.610732417727768E-61
1700	85000	3.39253526029595E-61
1701	85050	3.332282499923754E-61
1702	85100	2.9693543369018867E-61
1703	85150	2.6451979421581156E-61
1704	85200	2.33750913245189E-61
1705	85250	2.175023281752807E-61
1706	85300	2.036839259377364E-61
1707	85350	1.9710437265908137E-61
1708	85400	1.835134501944225E-61
1709	85450	1.723146886239246E-61
1710	85500	1.4782207042490736E-61
1711	85550	1.4195097052752227E-61
1712	85600	1.331591043799143E-61
1713	85650	1.1437847732234368E-61
1714	85700	1.0391560764386634E-61
1715	85750	9.853007959352564E-62
1716	85800	9.495574513317968E-62
1717	85850	8.043263961464043E-62
1718	85900	7.82098929533591E-62
1719	85950	6.723653028488065E-62
1720	86000	6.431784367589019E-62
1721	86050	5.774848665179362E-62
1722	86100	5.257107376073202E-62
1723	86150	4.681618099496659E-62
1724	86200	4.542334817043964E-62
1725	86250	3.905224580623306E-62
1726	86300	3.7555453429958977E-62
1727	86350	3.455588305367689E-62
1728	86400	3.021100671330918E-62
1729	86450	2.73804008005919E-62
1730	86500	2.6003342392532103E-62
1731	86550	2.241302824358837E-62
1732	86600	1.898908817784798E-62
1733	86650	1.873579556086173E-62
1734	86700	1.6362207669218323E-62
1735	86750	1.495778328361783E-62
1736	86800	1.4792195099451678E-62
1737	86850	1.3685904887137571E-62
1738	86900	1.2339135051314381E-62
1739	86950	1.1278337065252147E-62
1740	87000	1.117934744442967E-62
1741	87050	1.0407528746978806E-62
1742	87100	9.80297290366617E-63
1743	87150	8.649620503085983E-63
1744	87200	7.543325914316967E-63
1745	87250	7.250993245859406E-63
1746	87300	6.80405153299104E-63
1747	87350	6.466002755440887E-63
1748	87400	5.097064901343214E-63
1749	87450	4.7670407649994656E-63
1750	87500	4.6057913463404913E-63
1751	87550	4.014019133542181E-63
1752	87600	3.547828810949724E-63
1753	87650	3.438656149018659E-63
1754	87700	3.2727076386601725E-63
1755	87750	2.9554036930376287E-63
1756	87800	2.66203215502168E-63
1757	87850	2.5343468049671065E-63
1758	87900	2.19565380427394E-63
1759	87950	1.648227617206109E-63
1760	88000	1.567778834467536E-63
1761	88050	1.4668772965110556E-63
1762	88100	1.3096498832591615E-63
1763	88150	1.265343627998342E-63
1764	88200	1.2330051262056578E-63
1765	88250	1.1716419501358415E-63
1766	88300	1.1232615655137225E-63
1767	88350	1.0049513050790916E-63
1768	88400	9.793659314497006E-64
1769	88450	9.45300336556679E-64
1770	88500	8.592891753518774E-64
1771	88550	8.272771686317408E-64
1772	88600	7.494645611917783E-64
1773	88650	6.562554672070074E-64
1774	88700	6.291344707402312E-64
1775	88750	5.711592113597685E-64
1776	88800	5.234913003367332E-64
1777	88850	5.035277693675412E-64
1778	88900	4.939780068044775E-64
1779	88950	4.725592170799121E-64
1780	89000	4.5727219266094746E-64
1781	89050	3.838060050906519E-64
1782	89100	3.6818611565727817E-64
1783	89150	3.50723983266841E-64
1784	89200	3.3792555984083594E-64
1785	89250	3.224356152577113E-64
1786	89300	2.906620236246245E-64
1787	89350	2.5850515791500948E-64
1788	89400	2.3687760738489273E-64
1789	89450	2.229134719115316E-64
1790	89500	2.1518825894535098E-64
1791	89550	1.749735598797601E-64
1792	89600	1.4197406785831142E-64
1793	89650	1.288835775156701E-64
1794	89700	1.2229799872988738E-64
1795	89750	1.1233412358451438E-64
1796	89800	1.0613476844373668E-64
1797	89850	1.0087776406629294E-64
1798	89900	9.262513419138622E-65
1799	89950	7.885623235979792E-65
1800	90000	7.710539186968583E-65
1801	90050	7.1713792397331E-65
1802	90100	6.463984562364903E-65
1803	90150	5.836555241709568E-65
1804	90200	5.516042864393443E-65
1805	90250	5.111153620726665E-65
1806	90300	5.024648558772874E-65
1807	90350	4.4293299913188655E-65
1808	90400	3.934033952678483E-65
1809	90450	3.5466451084281934E-65
1810	90500	3.4134735002498654E-65
1811	90550	3.0289405594899452E-65
1812	90600	2.4431036522863E-65
1813	90650	2.302377284131854E-65
1814	90700	2.2100182901202938E-65
1815	90750	1.983042515856547E-65
1816	90800	1.8569186992800124E-65
1817	90850	1.7124636567055431E-65
1818	90900	1.4229928042989895E-65
1819	90950	1.2482491732685334E-65
1820	91000	1.1905395737952707E-65
1821	91050	1.0883175707137997E-65
1822	91100	8.853876277406461E-66
1823	91150	7.631790003242602E-66
1824	91200	7.475588192544932E-66
1825	91250	7.043439311786997E-66
1826	91300	6.57494863652866E-66
1827	91350	6.341084411036702E-66
1828	91400	6.274299806132216E-66
1829	91450	5.584269510033109E-66
1830	91500	4.954378302468551E-66
1831	91550	4.5018285480701814E-66
1832	91600	4.284981947279623E-66
1833	91650	3.961793683628238E-66
1834	91700	3.6310536772536224E-66
1835	91750	3.3943481708201426E-66
1836	91800	3.090318302341185E-66
1837	91850	2.946503448639303E-66
1838	91900	2.858501689503625E-66
1839	91950	2.5464697261704987E-66
1840	92000	2.467805221391949E-66
1841	92050	2.1791930312214742E-66
1842	92100	2.0457502645613088E-66
1843	92150	1.87979314623295E-66
1844	92200	1.7622503936303227E-66
1845	92250	1.5957725730030323E-66
1846	92300	1.451291509854601E-66
1847	92350	1.412823500412506E-66
1848	92400	1.2768597630999517E-66
1849	92450	1.1649892947644761E-66
1850	92500	9.624722146187687E-67
1851	92550	8.521752087708905E-67
1852	92600	8.25522289810627E-67
1853	92650	7.460990731775455E-67
1854	92700	7.040754776095587E-67
1855	92750	6.531500044464412E-67
1856	92800	5.947400858937482E-67
1857	92850	5.4515687701465635E-67
1858	92900	4.462514969959535E-67
1859	92950	4.216635709788152E-67
1860	93000	3.9603775128023986E-67
1861	93050	3.738918719681235E-67
1862	93100	3.085948622219629E-67
1863	93150	2.934030035632893E-67
1864	93200	2.7924609722219105E-67
1865	93250	2.7171836671951785E-67
1866	93300	2.6034877652669987E-67
1867	93350	2.5449395992690636E-67
1868	93400	2.13952127906218E-67
1869	93450	1.961661717952131E-67
1870	93500	1.652180387786889E-67
1871	93550	1.5282812600853076E-67
1872	93600	1.4715666349264071E-67
1873	93650	1.1996064943725054E-67
1874	93700	1.1678932886243758E-67
1875	93750	1.1076018142656674E-67
1876	93800	1.0647464821962099E-67
1877	93850	9.740934894054915E-68
1878	93900	9.669411064241109E-68
1879	93950	8.706972892634137E-68
1880	94000	8.46706577967508E-68
1881	94050	7.74975531761852E-68
1882	94100	7.295300887408098E-68
1883	94150	6.589059889746342E-68
1884	94200	5.57132420625085E-68
1885	94250	5.228880455504814E-68
1886	94300	5.045828642453164E-68
1887	94350	4.554191389264514E-68
1888	94400	4.201998780730876E-68
1889	94450	3.9429940540831455E-68
1890	94500	3.771441540805467E-68
1891	94550	3.508017555781372E-68
1892	94600	3.2190136940422816E-68
1893	94650	2.9618510107740193E-68
1894	94700	2.849268855376369E-68
1895	94750	2.5076580780280517E-68
1896	94800	2.461508102285381E-68
1897	94850	2.3048476089105956E-68
1898	94900	2.0596012844797204E-68
1899	94950	1.944648130678454E-68
1900	95000	1.8511282813452674E-68
1901	95050	1.7205053058757203E-68
1902	95100	1.6154639983007573E-68
1903	95150	1.13491254320759E-68
1904	95200	1.1279281379783508E-68
1905	95250	1.0700682425157496E-68
1906	95300	8.82659149670572E-69
1907	95350	8.511049987814257E-69
1908	95400	8.096940806689621E-69
1909	95450	7.703325789398518E-69
1910	95500	6.749954575268885E-69
1911	95550	5.653379589060932E-69
1912	95600	5.142580843403445E-69
1913	95650	4.5050073049041416E-69
1914	95700	4.285202580694189E-69
1915	95750	4.0747011640619185E-69
1916	95800	3.751875895457223E-69
1917	95850	3.5308508939227994E-69
1918	95900	3.298168125753498E-69
1919	95950	2.823817495490031E-69
1920	96000	2.6088606497787227E-69
1921	96050	2.408839965948316E-69
1922	96100	2.2302041864187436E-69
1923	96150	2.147008836405448E-69
1924	96200	1.8796126692363128E-69
1925	96250	1.7959569649204046E-69
1926	96300	1.5914894384052036E-69
1927	96350	1.3300411297208737E-69
1928	96400	1.2568756376325537E-69
1929	96450	1.1965808639811835E-69
1930	96500	1.1080460283678813E-69
1931	96550	1.0799860760657747E-69
1932	96600	1.0021574447043271E-69
1933	96650	9.797990521749902E-70
1934	96700	8.793351909655235E-70
1935	96750	8.574086092737825E-70
1936	96800	7.976269765652578E-70
1937	96850	7.518624921180072E-70
1938	96900	7.113935041386788E-70
1939	96950	6.399804505724172E-70
1940	97000	5.715315298757513E-70
1941	97050	4.4803788812480046E-70
1942	97100	4.414888334570397E-70
1943	97150	3.7436248241954927E-70
1944	97200	3.6112851672517654E-70
1945	97250	3.3339133684995856E-70
1946	97300	3.167165903499785E-70
1947	97350	2.5306139852712517E-70
1948	97400	2.283059045953105E-70
1949	97450	2.2120929096344574E-70
1950	97500	2.1296831713325243E-70
1951	97550	1.9190348562669265E-70
1952	97600	1.8570689330751232E-70
1953	97650	1.8212154800175654E-70
1954	97700	1.7433746901831124E-70
1955	97750	1.716898626872715E-70
1956	97800	1.571810707474107E-70
1957	97850	1.2663590891964218E-70
1958	97900	1.2129935599671924E-70
1959	97950	1.1596400233865271E-70
1960	98000	1.044511650841601E-70
1961	98050	9.590365228940749E-71
1962	98100	8.32882110919971E-71
1963	98150	8.120234109411532E-71
1964	98200	7.91824714520052E-71
1965	98250	7.484421994207772E-71
1966	98300	6.847627731436647E-71
1967	98350	6.304058884675398E-71
1968	98400	5.989233361919832E-71
1969	98450	5.908011906013624E-71
1970	98500	4.388878764836E-71
1971	98550	3.8979823064303485E-71
1972	98600	3.703571683879477E-71
1973	98650	3.516291938079925E-71
1974	98700	3.4214179761085706E-71
1975	98750	3.018029217642795E-71
1976	98800	2.6598473877169807E-71
1977	98850	1.9912696253018504E-71
1978	98900	1.7949422351976779E-71
1979	98950	1.68165711868035E-71
1980	99000	1.5739386904981316E-71
1981	99050	1.5056161232078911E-71
1982	99100	1.45815875000866E-71
1983	99150	1.3828561174929776E-71
1984	99200	1.2724335882552781E-71
1985	99250	1.1956263038257893E-71
1986	99300	1.122156758536925E-71
1987	99350	9.420266663409983E-72
1988	99400	8.276337971822781E-72
1989	99450	7.937076465487531E-72
1990	99500	7.691355749428137E-72
1991	99550	6.45418187532672E-72
1992	99600	6.34988579692057E-72
1993	99650	5.633029913968377E-72
1994	99700	5.496798759117621E-72
1995	99750	4.974916586592533E-72
1996	99800	4.884556206477603E-72
1997	99850	4.641358216985184E-72
1998	99900	4.4336169351076817E-72
1999	99950	4.170375787482533E-72
2000	100000	3.887567379243067E-72
