1	50	492.66686716548855
2	100	471.19087583351694
3	150	411.1718501163814
4	200	349.5072678553082
5	250	299.72852121218637
6	300	260.6125607974106
7	350	246.1361754086009
8	400	228.47489191500645
9	450	206.99551878392376
10	500	185.991816923551
11	550	172.2618241641446
12	600	162.18507580486897
13	650	150.99269800605177
14	700	135.76211186207263
15	750	119.32601325299967
16	800	109.24511797856003
17	850	93.95299618372226
18	900	92.69210706056764
19	950	85.8327579966185
20	1000	81.69690117867007
21	1050	77.7661494586973
22	1100	69.36556128900273
23	1150	65.65952739606362
24	1200	63.61714706186575
25	1250	58.79576649532892
26	1300	53.8723199309411
27	1350	49.17473172558971
28	1400	47.95628332365617
29	1450	46.513767222607356
30	1500	42.64005690453817
31	1550	39.86274013543564
32	1600	37.37165971908679
33	1650	36.00126584466961
34	1700	33.77043529318952
35	1750	32.50489374718754
36	1800	29.083287619116696
37	1850	28.203159753194484
38	1900	26.412798860843303
39	1950	25.503978151440588
40	2000	24.612110480574785
41	2050	24.172733721129173
42	2100	23.98158708372178
43	2150	22.705600834747848
44	2200	22.076673638174107
45	2250	21.180754764758134
46	2300	20.20601497710179
47	2350	18.899872323122402
48	2400	18.676189388948007
49	2450	17.682865275242357
50	2500	16.7824617467707
51	2550	15.745123636341068
52	2600	15.639816647962325
53	2650	15.018603566532988
54	2700	14.781446383946596
55	2750	12.763784435213665
56	2800	12.34172917621615
57	2850	11.917710949062045
58	2900	11.4958649086953
59	2950	11.492897174642604
60	3000	11.42766665218602
61	3050	10.674058038818643
62	3100	10.208520818582695
63	3150	9.961079988062071
64	3200	9.742609508193675
65	3250	9.521033369017658
66	3300	9.248921714371118
67	3350	9.040181855270218
68	3400	8.948377591659241
69	3450	8.929454680511736
70	3500	8.574153718632575
71	3550	8.207305911058524
72	3600	7.945016101913214
73	3650	7.353008260705479
74	3700	7.010404356039084
75	3750	6.833986692101334
76	3800	6.8176894506792705
77	3850	6.389691200397628
78	3900	6.237167836214308
79	3950	6.176065776708837
80	4000	6.062637631792702
81	4050	6.035856678136316
82	4100	5.823243805164521
83	4150	5.6200088680672176
84	4200	5.521391974137082
85	4250	5.381051695465585
86	4300	5.151412305444504
87	4350	5.006281261967917
88	4400	4.787036732783341
89	4450	4.781026649698342
90	4500	4.669734874400257
91	4550	4.590943308560265
92	4600	4.468724747535669
93	4650	4.33808446841722
94	4700	4.2882205199416905
95	4750	4.165456060400133
96	4800	4.104073075378689
97	4850	4.021428383317915
98	4900	3.959941988304994
99	4950	3.9149770480911967
100	5000	3.7873122337381275
101	5050	3.6902330956295977
102	5100	3.6283066004932323
103	5150	3.5274885511506513
104	5200	3.4843846895117694
105	5250	3.4383581991400805
106	5300	3.435204824916128
107	5350	3.435204824916128
108	5400	3.4286770350187914
109	5450	3.178573653712996
110	5500	3.105979561619386
111	5550	3.0607649212167427
112	5600	2.9429621370816745
113	5650	2.864600389590743
114	5700	2.7359242802923194
115	5750	2.7012697433826665
116	5800	2.66549779841558
117	5850	2.543662787260815
118	5900	2.4981651069063893
119	5950	2.4511483601318202
120	6000	2.4399540532952146
121	6050	2.3143366710498396
122	6100	2.2166974790925407
123	6150	2.120371274098874
124	6200	2.0485831697821775
125	6250	2.0351109667270615
126	6300	2.02304002214474
127	6350	1.9806489730204409
128	6400	1.9127908901324293
129	6450	1.8846837871863449
130	6500	1.8846837871863449
131	6550	1.8284416148900018
132	6600	1.8111965474942768
133	6650	1.7875220345953333
134	6700	1.7663914575776203
135	6750	1.762339153792098
136	6800	1.7612352401863114
137	6850	1.7562435187563445
138	6900	1.6843610836996163
139	6950	1.5702632528588132
140	7000	1.5547165098992535
141	7050	1.5358939396589442
142	7100	1.5143600999632918
143	7150	1.499283231385291
144	7200	1.499283231385291
145	7250	1.4754677680205872
146	7300	1.465526295565896
147	7350	1.456292509786865
148	7400	1.4323521611349874
149	7450	1.4257614484056735
150	7500	1.4110800447393195
151	7550	1.3740114344519525
152	7600	1.313747803617179
153	7650	1.3072191126527923
154	7700	1.3072191126527923
155	7750	1.267887278983429
156	7800	1.2344028733613315
157	7850	1.2151429832226568
158	7900	1.1977907094828535
159	7950	1.1767587297251474
160	8000	1.1742595092346986
161	8050	1.1742595092346986
162	8100	1.1387231083508815
163	8150	1.1299999050892555
164	8200	1.1293828415829332
165	8250	1.0712236119272407
166	8300	1.0482846659333322
167	8350	1.0453593647677344
168	8400	0.9793668336049791
169	8450	0.9663855849617317
170	8500	0.9563119018597008
171	8550	0.9353890317655031
172	8600	0.9317140742474725
173	8650	0.9312683001625176
174	8700	0.9169842354854103
175	8750	0.9169842354854103
176	8800	0.9121586319272866
177	8850	0.8993923060407221
178	8900	0.8552322915554867
179	8950	0.8477755997089182
180	9000	0.8393007521971789
181	9050	0.8342264331523779
182	9100	0.8252547896459566
183	9150	0.8132161146911759
184	9200	0.8057866932551023
185	9250	0.8057866932551023
186	9300	0.801933611592251
187	9350	0.8018110931483822
188	9400	0.7970965272532491
189	9450	0.7866859959533493
190	9500	0.7866859959533493
191	9550	0.7866859959533493
192	9600	0.7838667336192079
193	9650	0.7838667336192079
194	9700	0.7786774798064854
195	9750	0.7757253678083953
196	9800	0.7756593010759374
197	9850	0.7756593010759374
198	9900	0.7633023285156775
199	9950	0.7555866359776554
200	10000	0.751973569871488
201	10050	0.7478513997594736
202	10100	0.7428549673222251
203	10150	0.7396471583980057
204	10200	0.7283038649176633
205	10250	0.7076942702028588
206	10300	0.6800504292260231
207	10350	0.6786073327460309
208	10400	0.6738720399483208
209	10450	0.6669123304121205
210	10500	0.6632161294327836
211	10550	0.6521259831941209
212	10600	0.6512559049367703
213	10650	0.6211883940035687
214	10700	0.6183421989367226
215	10750	0.6183421989367226
216	10800	0.6075444393233499
217	10850	0.6075444393233499
218	10900	0.6060636215849372
219	10950	0.6059862298071443
220	11000	0.603045785491794
221	11050	0.5958352603204093
222	11100	0.59464369192327
223	11150	0.59464369192327
224	11200	0.59464369192327
225	11250	0.5887739746559728
226	11300	0.5883954495312387
227	11350	0.5883954495312387
228	11400	0.5883954495312387
229	11450	0.5862403331711953
230	11500	0.5635574272536837
231	11550	0.5507612366311554
232	11600	0.5502915227313467
233	11650	0.5500158470047077
234	11700	0.5431557312267236
235	11750	0.5395569860410487
236	11800	0.5394057000519472
237	11850	0.537596720268894
238	11900	0.5367877346742791
239	11950	0.5363473055262574
240	12000	0.53224976146195
241	12050	0.5219794908483754
242	12100	0.5132116158365607
243	12150	0.5089471332807995
244	12200	0.5076264028007923
245	12250	0.5076264028007923
246	12300	0.4904668627535183
247	12350	0.48052774356149175
248	12400	0.48052774356149175
249	12450	0.4794137485929218
250	12500	0.4753464551678289
251	12550	0.4744677192554786
252	12600	0.4742074853813464
253	12650	0.4742074853813464
254	12700	0.4742074853813464
255	12750	0.4742074853813464
256	12800	0.47000444300465266
257	12850	0.47000444300465266
258	12900	0.46146549988137264
259	12950	0.45980843308138714
260	13000	0.45950181531296874
261	13050	0.44634719357130903
262	13100	0.44634719357130903
263	13150	0.44567303968837707
264	13200	0.43300910727065134
265	13250	0.43282849514737365
266	13300	0.43282849514737365
267	13350	0.43014320587824517
268	13400	0.43014320587824517
269	13450	0.4276675150509909
270	13500	0.4166785013729801
271	13550	0.4079424854712189
272	13600	0.40159811246378957
273	13650	0.39041632803786513
274	13700	0.3878110787940109
275	13750	0.3843178719818239
276	13800	0.38006294437717514
277	13850	0.38006294437717514
278	13900	0.3747824469057756
279	13950	0.3747824469057756
280	14000	0.3747824469057756
281	14050	0.3747824469057756
282	14100	0.3661390429913942
283	14150	0.35827663675445837
284	14200	0.3530292960103792
285	14250	0.34617337930349323
286	14300	0.34617337930349323
287	14350	0.34617337930349323
288	14400	0.34598218286803895
289	14450	0.33462928794473434
290	14500	0.33412984051806144
291	14550	0.32455338618408014
292	14600	0.32455338618408014
293	14650	0.32455338618408014
294	14700	0.3192354942938757
295	14750	0.316615540614879
296	14800	0.316615540614879
297	14850	0.3141764839182323
298	14900	0.314017624191394
299	14950	0.3133099269849684
300	15000	0.3133099269849684
301	15050	0.31203935614371603
302	15100	0.31203935614371603
303	15150	0.31203935614371603
304	15200	0.30786941238950905
305	15250	0.30786941238950905
306	15300	0.30786941238950905
307	15350	0.30786941238950905
308	15400	0.3072393872955745
309	15450	0.3072393872955745
310	15500	0.3061950152078472
311	15550	0.3061950152078472
312	15600	0.3050824993022023
313	15650	0.3048341491676612
314	15700	0.3048341491676612
315	15750	0.3042784239689268
316	15800	0.30389490908173294
317	15850	0.30379993575386255
318	15900	0.3014552372378879
319	15950	0.3014552372378879
320	16000	0.3014552372378879
321	16050	0.3014552372378879
322	16100	0.3014552372378879
323	16150	0.3014552372378879
324	16200	0.3011868841036418
325	16250	0.29269755871102443
326	16300	0.2880045161316369
327	16350	0.2880045161316369
328	16400	0.28694831074215454
329	16450	0.2832921322852636
330	16500	0.2817937640696041
331	16550	0.2817937640696041
332	16600	0.2811099836915802
333	16650	0.28107798463787587
334	16700	0.28107798463787587
335	16750	0.28107798463787587
336	16800	0.2805348435083367
337	16850	0.27208620321208343
338	16900	0.27208620321208343
339	16950	0.27111664233341204
340	17000	0.27111664233341204
341	17050	0.26954534001938374
342	17100	0.2669382012087866
343	17150	0.25994385003538667
344	17200	0.25488318044192765
345	17250	0.2540764666472094
346	17300	0.2540764666472094
347	17350	0.2540764666472094
348	17400	0.2526115277635777
349	17450	0.2433618538345968
350	17500	0.2433618538345968
351	17550	0.2433618538345968
352	17600	0.2433618538345968
353	17650	0.23987542670757547
354	17700	0.2339509019744926
355	17750	0.23249602147722168
356	17800	0.23242444823441755
357	17850	0.2322674368383098
358	17900	0.2320114458266478
359	17950	0.2320114458266478
360	18000	0.22601216642974328
361	18050	0.22601216642974328
362	18100	0.22588940993175527
363	18150	0.22561910527604773
364	18200	0.22561910527604773
365	18250	0.22465011695964487
366	18300	0.22168173828310747
367	18350	0.22119081507152266
368	18400	0.22119081507152266
369	18450	0.22119081507152266
370	18500	0.22119081507152266
371	18550	0.22119081507152266
372	18600	0.212042917824879
373	18650	0.212042917824879
374	18700	0.21114600957774435
375	18750	0.21114600957774435
376	18800	0.21059033081721412
377	18850	0.20594903556396318
378	18900	0.20474180373734066
379	18950	0.20455306165831968
380	19000	0.1965259226565308
381	19050	0.19296116988001466
382	19100	0.19296116988001466
383	19150	0.19296116988001466
384	19200	0.19121418208588872
385	19250	0.18815075545712193
386	19300	0.18810427234677074
387	19350	0.18530902060383775
388	19400	0.18120216366391523
389	19450	0.1810067382221323
390	19500	0.18094765589815257
391	19550	0.17455391767308978
392	19600	0.17231671220118616
393	19650	0.17182587895370444
394	19700	0.17182587895370444
395	19750	0.17182587895370444
396	19800	0.1672273092505634
397	19850	0.16452656364275692
398	19900	0.16441808008375208
399	19950	0.16177915075455612
400	20000	0.16177915075455612
401	20050	0.1614236563124801
402	20100	0.1614236563124801
403	20150	0.15868462673423162
404	20200	0.15815856845412832
405	20250	0.15815856845412832
406	20300	0.15815856845412832
407	20350	0.15815856845412832
408	20400	0.15815856845412832
409	20450	0.15742751515809167
410	20500	0.1565096000241503
411	20550	0.1565096000241503
412	20600	0.1565096000241503
413	20650	0.1565096000241503
414	20700	0.15508067668072095
415	20750	0.154731295406027
416	20800	0.15472944819218282
417	20850	0.15472944819218282
418	20900	0.15465205952915473
419	20950	0.15465205952915473
420	21000	0.15465205952915473
421	21050	0.14999687169954146
422	21100	0.14950744777961172
423	21150	0.14950744777961172
424	21200	0.14950744777961172
425	21250	0.14950744777961172
426	21300	0.14569605281360123
427	21350	0.14414766426796732
428	21400	0.1437481656564316
429	21450	0.14337190821599943
430	21500	0.14168302120939721
431	21550	0.14168302120939721
432	21600	0.13974647991526162
433	21650	0.13906178762538582
434	21700	0.13787994909576687
435	21750	0.13596931664701212
436	21800	0.13596931664701212
437	21850	0.13596931664701212
438	21900	0.13596931664701212
439	21950	0.1336593036994304
440	22000	0.1336593036994304
441	22050	0.1336593036994304
442	22100	0.13085009210743817
443	22150	0.13085009210743817
444	22200	0.13085009210743817
445	22250	0.13056670463195266
446	22300	0.13056670463195266
447	22350	0.13056670463195266
448	22400	0.13056670463195266
449	22450	0.1300588541486325
450	22500	0.12996327535924923
451	22550	0.12124246045012396
452	22600	0.12124246045012396
453	22650	0.12124246045012396
454	22700	0.1197248694659423
455	22750	0.11700876667587785
456	22800	0.11700876667587785
457	22850	0.11700876667587785
458	22900	0.11700876667587785
459	22950	0.11369435459667207
460	23000	0.11337239743846506
461	23050	0.11337239743846506
462	23100	0.11337239743846506
463	23150	0.11336349802483854
464	23200	0.11336349802483854
465	23250	0.11258351433735232
466	23300	0.11255168823912895
467	23350	0.11211188172979236
468	23400	0.1120062278028406
469	23450	0.11140466414294994
470	23500	0.10835666309402367
471	23550	0.10817287008486356
472	23600	0.10817287008486356
473	23650	0.10717730781657427
474	23700	0.10587049701489945
475	23750	0.1051505826526935
476	23800	0.1051505826526935
477	23850	0.1051505826526935
478	23900	0.1047369765183751
479	23950	0.1047369765183751
480	24000	0.10472745387582368
481	24050	0.1012232776801116
482	24100	0.10085312029167517
483	24150	0.10085312029167517
484	24200	0.100799221345469
485	24250	0.1005073069679091
486	24300	0.10044659541521725
487	24350	0.09892324535098392
488	24400	0.09886024210503142
489	24450	0.09886024210503142
490	24500	0.09862317888482434
491	24550	0.0983024769251057
492	24600	0.09753772506565375
493	24650	0.09686593489469081
494	24700	0.09681715169920693
495	24750	0.09681715169920693
496	24800	0.09619529203452261
497	24850	0.09580563789131942
498	24900	0.09580563789131942
499	24950	0.09580563789131942
500	25000	0.09539274882873941
501	25050	0.09539274882873941
502	25100	0.09529571577331106
503	25150	0.09473696234657762
504	25200	0.09441911724271422
505	25250	0.0924184051541134
506	25300	0.0924184051541134
507	25350	0.09135386946274551
508	25400	0.09135386946274551
509	25450	0.09080831107058888
510	25500	0.0904904659667255
511	25550	0.0904904659667255
512	25600	0.08836499001134038
513	25650	0.08769474249765603
514	25700	0.08751286366882072
515	25750	0.08741955004622129
516	25800	0.08687473373188692
517	25850	0.08561969448106987
518	25900	0.08561969448106987
519	25950	0.08561969448106987
520	26000	0.08561969448106987
521	26050	0.08561969448106987
522	26100	0.08502394293313924
523	26150	0.08502394293313924
524	26200	0.08464130461110761
525	26250	0.08464130461110761
526	26300	0.08464130461110761
527	26350	0.08464130461110761
528	26400	0.08464130461110761
529	26450	0.08457190859090831
530	26500	0.08457190859090831
531	26550	0.08457190859090831
532	26600	0.0840849285044333
533	26650	0.0840849285044333
534	26700	0.0840849285044333
535	26750	0.0840849285044333
536	26800	0.0840849285044333
537	26850	0.0840849285044333
538	26900	0.0840849285044333
539	26950	0.08190993982992933
540	27000	0.08047561385033235
541	27050	0.08047561385033235
542	27100	0.08047561385033235
543	27150	0.08047561385033235
544	27200	0.08047561385033235
545	27250	0.08047561385033235
546	27300	0.08047561385033235
547	27350	0.08047561385033235
548	27400	0.0802154265799516
549	27450	0.0802154265799516
550	27500	0.0802154265799516
551	27550	0.08014939847222624
552	27600	0.07889388667999646
553	27650	0.07593666373323489
554	27700	0.07593666373323489
555	27750	0.07593666373323489
556	27800	0.07593666373323489
557	27850	0.0758902990937748
558	27900	0.07588578133485387
559	27950	0.07564333547592791
560	28000	0.07564333547592791
561	28050	0.07564333547592791
562	28100	0.07564333547592791
563	28150	0.07564333547592791
564	28200	0.07564333547592791
565	28250	0.07564333547592791
566	28300	0.07564333547592791
567	28350	0.07564333547592791
568	28400	0.07564333547592791
569	28450	0.07564333547592791
570	28500	0.07554349244322726
571	28550	0.07554349244322726
572	28600	0.07554349244322726
573	28650	0.07554349244322726
574	28700	0.07554349244322726
575	28750	0.07423563865248015
576	28800	0.07423563865248015
577	28850	0.07423563865248015
578	28900	0.07405417041292654
579	28950	0.07356715423785165
580	29000	0.07356715423785165
581	29050	0.07356715423785165
582	29100	0.07356715423785165
583	29150	0.07356715423785165
584	29200	0.07221165296139262
585	29250	0.07221165296139262
586	29300	0.07221165296139262
587	29350	0.07221165296139262
588	29400	0.07221165296139262
589	29450	0.07221165296139262
590	29500	0.07221165296139262
591	29550	0.07153508235562658
592	29600	0.07071287332081515
593	29650	0.07071287332081515
594	29700	0.07071287332081515
595	29750	0.07068399588376699
596	29800	0.07068399588376699
597	29850	0.07068399588376699
598	29900	0.07056154872284237
599	29950	0.07056154872284237
600	30000	0.07056154872284237
601	30050	0.07056154872284237
602	30100	0.07056154872284237
603	30150	0.07056154872284237
604	30200	0.07056154872284237
605	30250	0.07056154872284237
606	30300	0.06866067958958984
607	30350	0.06860835513661076
608	30400	0.06825814305233897
609	30450	0.06825814305233897
610	30500	0.06719244380841431
611	30550	0.06704416713792924
612	30600	0.06704416713792924
613	30650	0.06704416713792924
614	30700	0.0663963142858504
615	30750	0.06625129371746727
616	30800	0.06625129371746727
617	30850	0.06625129371746727
618	30900	0.06625129371746727
619	30950	0.06616466392622958
620	31000	0.06616466392622958
621	31050	0.06527981184319817
622	31100	0.06527981184319817
623	31150	0.06527981184319817
624	31200	0.06527981184319817
625	31250	0.06527981184319817
626	31300	0.06386983785981737
627	31350	0.0627845455563956
628	31400	0.0627845455563956
629	31450	0.0627697897987165
630	31500	0.062030023498246864
631	31550	0.06193381808738457
632	31600	0.06171127892523298
633	31650	0.061433155272658226
634	31700	0.06008647844318935
635	31750	0.05986683948211281
636	31800	0.05986683948211281
637	31850	0.05986683948211281
638	31900	0.05977063407125051
639	31950	0.05949573581636704
640	32000	0.05949573581636704
641	32050	0.05949573581636704
642	32100	0.05949573581636704
643	32150	0.059426820145739676
644	32200	0.05940468447517239
645	32250	0.05940468447517239
646	32300	0.058231399704537244
647	32350	0.057612396040172986
648	32400	0.057612396040172986
649	32450	0.05694400530598496
650	32500	0.05694400530598496
651	32550	0.05691123491791942
652	32600	0.05675395801733698
653	32650	0.05675395801733698
654	32700	0.05675395801733698
655	32750	0.05675395801733698
656	32800	0.05675395801733698
657	32850	0.056256743520325246
658	32900	0.056256743520325246
659	32950	0.056256743520325246
660	33000	0.056256743520325246
661	33050	0.05554940064678905
662	33100	0.05554940064678905
663	33150	0.05554940064678905
664	33200	0.055532282583932446
665	33250	0.054948876273506454
666	33300	0.05416546665734103
667	33350	0.05416546665734103
668	33400	0.05416546665734103
669	33450	0.05362990117290347
670	33500	0.053562833324928096
671	33550	0.052555903220756914
672	33600	0.052555903220756914
673	33650	0.052506032915266856
674	33700	0.052506032915266856
675	33750	0.05227314353651097
676	33800	0.052050838807086296
677	33850	0.052050838807086296
678	33900	0.05203581075642481
679	33950	0.0520053875317459
680	34000	0.0520053875317459
681	34050	0.0520053875317459
682	34100	0.05115220595404609
683	34150	0.05115220595404609
684	34200	0.05115220595404609
685	34250	0.05115220595404609
686	34300	0.05115220595404609
687	34350	0.05115220595404609
688	34400	0.05091163945497108
689	34450	0.05091163945497108
690	34500	0.05091163945497108
691	34550	0.05091163945497108
692	34600	0.05091163945497108
693	34650	0.05091163945497108
694	34700	0.05073753033220768
695	34750	0.05073753033220768
696	34800	0.05073753033220768
697	34850	0.05073753033220768
698	34900	0.05073753033220768
699	34950	0.05073753033220768
700	35000	0.05072096264394834
701	35050	0.05072096264394834
702	35100	0.04959921420229974
703	35150	0.049530304678630274
704	35200	0.049530304678630274
705	35250	0.049528347093408774
706	35300	0.049528347093408774
707	35350	0.049528347093408774
708	35400	0.049528347093408774
709	35450	0.049373478950981604
710	35500	0.049373478950981604
711	35550	0.04863724100044061
712	35600	0.047756410058211476
713	35650	0.047756410058211476
714	35700	0.047756410058211476
715	35750	0.047714268409058916
716	35800	0.047714268409058916
717	35850	0.047714268409058916
718	35900	0.047714268409058916
719	35950	0.0475878512559483
720	36000	0.0475878512559483
721	36050	0.0475878512559483
722	36100	0.044456644071690345
723	36150	0.044456644071690345
724	36200	0.04429905640967222
725	36250	0.04429905640967222
726	36300	0.04406844563831286
727	36350	0.04406844563831286
728	36400	0.04406844563831286
729	36450	0.04406844563831286
730	36500	0.04400982741750734
731	36550	0.04400982741750734
732	36600	0.04400982741750734
733	36650	0.04390971064223047
734	36700	0.04390971064223047
735	36750	0.04390971064223047
736	36800	0.04390971064223047
737	36850	0.043768068326458576
738	36900	0.043768068326458576
739	36950	0.043453462044618946
740	37000	0.043453462044618946
741	37050	0.043368519693974934
742	37100	0.043368519693974934
743	37150	0.04320258886026482
744	37200	0.04320258886026482
745	37250	0.04320258886026482
746	37300	0.04320258886026482
747	37350	0.04320258886026482
748	37400	0.04320258886026482
749	37450	0.04320258886026482
750	37500	0.043061790845752984
751	37550	0.043061790845752984
752	37600	0.043061790845752984
753	37650	0.04258735812810689
754	37700	0.04141008123263902
755	37750	0.041115717358232697
756	37800	0.040971885197319785
757	37850	0.040971885197319785
758	37900	0.040971885197319785
759	37950	0.040971885197319785
760	38000	0.040923793536900746
761	38050	0.04090903034423024
762	38100	0.04090903034423024
763	38150	0.04083270381672891
764	38200	0.040432866817651895
765	38250	0.040432866817651895
766	38300	0.03946250902421851
767	38350	0.03946250902421851
768	38400	0.03946250902421851
769	38450	0.03946250902421851
770	38500	0.03946250902421851
771	38550	0.03946250902421851
772	38600	0.03946250902421851
773	38650	0.03946250902421851
774	38700	0.0393799442240739
775	38750	0.0393799442240739
776	38800	0.0393799442240739
777	38850	0.0393799442240739
778	38900	0.0393799442240739
779	38950	0.0393799442240739
780	39000	0.0393799442240739
781	39050	0.039278475508792376
782	39100	0.039278475508792376
783	39150	0.03926076027405605
784	39200	0.03926076027405605
785	39250	0.03907743195113337
786	39300	0.03890586456662603
787	39350	0.03890586456662603
788	39400	0.03890533159161176
789	39450	0.03883567973353758
790	39500	0.03868121007660648
791	39550	0.0383163338566941
792	39600	0.0383163338566941
793	39650	0.0383163338566941
794	39700	0.0383163338566941
795	39750	0.0383163338566941
796	39800	0.03831042381626722
797	39850	0.03831042381626722
798	39900	0.0382168006445199
799	39950	0.0382168006445199
800	40000	0.038149947704829656
801	40050	0.03814117900985799
802	40100	0.038086281960355496
803	40150	0.038086281960355496
804	40200	0.038086281960355496
805	40250	0.03783790041153694
806	40300	0.03783790041153694
807	40350	0.03783790041153694
808	40400	0.0374295462840106
809	40450	0.03731724876531807
810	40500	0.03716376499314082
811	40550	0.03716376499314082
812	40600	0.03716376499314082
813	40650	0.03716376499314082
814	40700	0.036920549328074856
815	40750	0.036920549328074856
816	40800	0.036920549328074856
817	40850	0.036920549328074856
818	40900	0.036920549328074856
819	40950	0.036920549328074856
820	41000	0.036920549328074856
821	41050	0.036920549328074856
822	41100	0.036920549328074856
823	41150	0.03689673430550093
824	41200	0.03689673430550093
825	41250	0.036820403832084944
826	41300	0.036820403832084944
827	41350	0.036820403832084944
828	41400	0.03681957538049536
829	41450	0.03681957538049536
830	41500	0.03679983067579903
831	41550	0.03679983067579903
832	41600	0.03679983067579903
833	41650	0.03677323802840281
834	41700	0.03677323802840281
835	41750	0.03677323802840281
836	41800	0.03677323802840281
837	41850	0.03677323802840281
838	41900	0.03677323802840281
839	41950	0.03677323802840281
840	42000	0.03677323802840281
841	42050	0.03677323802840281
842	42100	0.03677323802840281
843	42150	0.03677323802840281
844	42200	0.03677323802840281
845	42250	0.03677323802840281
846	42300	0.03677323802840281
847	42350	0.03629661883399256
848	42400	0.03629661883399256
849	42450	0.03629661883399256
850	42500	0.03629661883399256
851	42550	0.03629661883399256
852	42600	0.03626485291524874
853	42650	0.03626485291524874
854	42700	0.03619136129923206
855	42750	0.036045361254438586
856	42800	0.03604148562492924
857	42850	0.03565186962151929
858	42900	0.03565186962151929
859	42950	0.03565186962151929
860	43000	0.03565186962151929
861	43050	0.03565186962151929
862	43100	0.03565186962151929
863	43150	0.03565186962151929
864	43200	0.03519488100669454
865	43250	0.03519488100669454
866	43300	0.035142716911060794
867	43350	0.035142716911060794
868	43400	0.035142716911060794
869	43450	0.035142716911060794
870	43500	0.03331645937740056
871	43550	0.03331645937740056
872	43600	0.03331645937740056
873	43650	0.033149770696698465
874	43700	0.03301998864874393
875	43750	0.032683405545836285
876	43800	0.032683405545836285
877	43850	0.032683405545836285
878	43900	0.03264533995166079
879	43950	0.032644071514993836
880	44000	0.032318986499440885
881	44050	0.03219422779929956
882	44100	0.03219422779929956
883	44150	0.03219422779929956
884	44200	0.031777526037720966
885	44250	0.031777526037720966
886	44300	0.031777526037720966
887	44350	0.031777526037720966
888	44400	0.031777526037720966
889	44450	0.03162881316673973
890	44500	0.03162881316673973
891	44550	0.03143439160695007
892	44600	0.03143439160695007
893	44650	0.031303538667396935
894	44700	0.031303538667396935
895	44750	0.031303538667396935
896	44800	0.031303538667396935
897	44850	0.031303538667396935
898	44900	0.03128899718495161
899	44950	0.03128899718495161
900	45000	0.03128899718495161
901	45050	0.03128899718495161
902	45100	0.03128899718495161
903	45150	0.03128899718495161
904	45200	0.031248222795534724
905	45250	0.031114946562760027
906	45300	0.031114946562760027
907	45350	0.031114946562760027
908	45400	0.031114946562760027
909	45450	0.031114946562760027
910	45500	0.031114946562760027
911	45550	0.031114946562760027
912	45600	0.031114946562760027
913	45650	0.031087589072274713
914	45700	0.031087589072274713
915	45750	0.031087589072274713
916	45800	0.031087589072274713
917	45850	0.031087589072274713
918	45900	0.031087589072274713
919	45950	0.0309761566947321
920	46000	0.0309761566947321
921	46050	0.030955360016520113
922	46100	0.030955360016520113
923	46150	0.030955360016520113
924	46200	0.030955360016520113
925	46250	0.0309152766227413
926	46300	0.030841016114619237
927	46350	0.03038038734994054
928	46400	0.03038038734994054
929	46450	0.03038038734994054
930	46500	0.028650376034748164
931	46550	0.028175205787624148
932	46600	0.028175205787624148
933	46650	0.028175205787624148
934	46700	0.028175205787624148
935	46750	0.028085308331695934
936	46800	0.028085308331695934
937	46850	0.028085308331695934
938	46900	0.027926369767091657
939	46950	0.027926369767091657
940	47000	0.02765804727125327
941	47050	0.02765804727125327
942	47100	0.027657981535449027
943	47150	0.027657981535449027
944	47200	0.027657981535449027
945	47250	0.027591679868273867
946	47300	0.0274157754032317
947	47350	0.0274157754032317
948	47400	0.0274157754032317
949	47450	0.027278496924645075
950	47500	0.027278496924645075
951	47550	0.027278496924645075
952	47600	0.027278496924645075
953	47650	0.027278496924645075
954	47700	0.027278496924645075
955	47750	0.027278496924645075
956	47800	0.027278496924645075
957	47850	0.02724171598102802
958	47900	0.02724171598102802
959	47950	0.02699210334869734
960	48000	0.026755039591174735
961	48050	0.026755039591174735
962	48100	0.026755039591174735
963	48150	0.026755039591174735
964	48200	0.026755039591174735
965	48250	0.026755039591174735
966	48300	0.026470853985743975
967	48350	0.02592377124322629
968	48400	0.02592377124322629
969	48450	0.02592377124322629
970	48500	0.025782157133418564
971	48550	0.025782157133418564
972	48600	0.025782157133418564
973	48650	0.025782157133418564
974	48700	0.025782157133418564
975	48750	0.025782157133418564
976	48800	0.025782157133418564
977	48850	0.025782157133418564
978	48900	0.025782157133418564
979	48950	0.025737330881683163
980	49000	0.025737330881683163
981	49050	0.025663340692536264
982	49100	0.02552618852903399
983	49150	0.02552618852903399
984	49200	0.025228987960712258
985	49250	0.025228987960712258
986	49300	0.025228987960712258
987	49350	0.025228987960712258
988	49400	0.025228987960712258
989	49450	0.025228987960712258
990	49500	0.025228987960712258
991	49550	0.025228987960712258
992	49600	0.025228987960712258
993	49650	0.025228987960712258
994	49700	0.025228987960712258
995	49750	0.024924214190004013
996	49800	0.024924214190004013
997	49850	0.024924214190004013
998	49900	0.024894662623458998
999	49950	0.024894662623458998
1000	50000	0.024894662623458998
1001	50050	0.024894662623458998
1002	50100	0.024894662623458998
1003	50150	0.024894662623458998
1004	50200	0.024894662623458998
1005	50250	0.024894662623458998
1006	50300	0.024894662623458998
1007	50350	0.024643532661154637
1008	50400	0.024400951705074718
1009	50450	0.024400951705074718
1010	50500	0.024400951705074718
1011	50550	0.02406738601875382
1012	50600	0.023697585019275904
1013	50650	0.023697585019275904
1014	50700	0.023596649594534426
1015	50750	0.023596649594534426
1016	50800	0.022802466203450306
1017	50850	0.022802466203450306
1018	50900	0.022802466203450306
1019	50950	0.022802466203450306
1020	51000	0.022802466203450306
1021	51050	0.022802466203450306
1022	51100	0.022802466203450306
1023	51150	0.022802466203450306
1024	51200	0.022802466203450306
1025	51250	0.022802466203450306
1026	51300	0.022802466203450306
1027	51350	0.022802466203450306
1028	51400	0.022802466203450306
1029	51450	0.022802466203450306
1030	51500	0.022802466203450306
1031	51550	0.022802466203450306
1032	51600	0.0225169210262445
1033	51650	0.0225169210262445
1034	51700	0.0225169210262445
1035	51750	0.022478020946000314
1036	51800	0.022478020946000314
1037	51850	0.022398921263682623
1038	51900	0.022398921263682623
1039	51950	0.022398921263682623
1040	52000	0.022398921263682623
1041	52050	0.022398921263682623
1042	52100	0.022107349889680803
1043	52150	0.022098680262704784
1044	52200	0.022098680262704784
1045	52250	0.02192643069038882
1046	52300	0.02192643069038882
1047	52350	0.02192643069038882
1048	52400	0.02192643069038882
1049	52450	0.02192643069038882
1050	52500	0.02192643069038882
1051	52550	0.021921319272655435
1052	52600	0.021913874398581314
1053	52650	0.021913874398581314
1054	52700	0.021861367043771972
1055	52750	0.02173632899735509
1056	52800	0.02173632899735509
1057	52850	0.02172006260652338
1058	52900	0.021537590499371276
1059	52950	0.02139855593024961
1060	53000	0.02139855593024961
1061	53050	0.02139855593024961
1062	53100	0.02139855593024961
1063	53150	0.02130190858972605
1064	53200	0.02124075680217163
1065	53250	0.02124075680217163
1066	53300	0.02124075680217163
1067	53350	0.02124075680217163
1068	53400	0.02105988790356366
1069	53450	0.021011821066673743
1070	53500	0.021011821066673743
1071	53550	0.021011821066673743
1072	53600	0.020520331360990338
1073	53650	0.020520331360990338
1074	53700	0.020520331360990338
1075	53750	0.020520331360990338
1076	53800	0.020520331360990338
1077	53850	0.020520331360990338
1078	53900	0.020507290734094664
1079	53950	0.020507290734094664
1080	54000	0.020507290734094664
1081	54050	0.020507290734094664
1082	54100	0.020471517772480748
1083	54150	0.020471517772480748
1084	54200	0.02044226389719169
1085	54250	0.02044226389719169
1086	54300	0.01967725770438921
1087	54350	0.01846267817292154
1088	54400	0.01846267817292154
1089	54450	0.01846267817292154
1090	54500	0.01846267817292154
1091	54550	0.01846267817292154
1092	54600	0.018326004361018854
1093	54650	0.018326004361018854
1094	54700	0.018326004361018854
1095	54750	0.018326004361018854
1096	54800	0.018326004361018854
1097	54850	0.01831735832970308
1098	54900	0.01831735832970308
1099	54950	0.01831735832970308
1100	55000	0.01831735832970308
1101	55050	0.01831735832970308
1102	55100	0.01831735832970308
1103	55150	0.01831735832970308
1104	55200	0.01831735832970308
1105	55250	0.01831735832970308
1106	55300	0.01831735832970308
1107	55350	0.01831735832970308
1108	55400	0.01831735832970308
1109	55450	0.018315333534911462
1110	55500	0.01824728774270038
1111	55550	0.01824728774270038
1112	55600	0.01824728774270038
1113	55650	0.01824728774270038
1114	55700	0.01824728774270038
1115	55750	0.018177235911280763
1116	55800	0.018177235911280763
1117	55850	0.018177235911280763
1118	55900	0.017955704598030732
1119	55950	0.017955704598030732
1120	56000	0.017955704598030732
1121	56050	0.017955704598030732
1122	56100	0.017955704598030732
1123	56150	0.017955704598030732
1124	56200	0.017955704598030732
1125	56250	0.017955704598030732
1126	56300	0.01773978328167658
1127	56350	0.01773978328167658
1128	56400	0.01770807994967883
1129	56450	0.01770807994967883
1130	56500	0.01766146354240744
1131	56550	0.017268008002289087
1132	56600	0.017267144345120396
1133	56650	0.017267144345120396
1134	56700	0.017267144345120396
1135	56750	0.017267144345120396
1136	56800	0.017267144345120396
1137	56850	0.017267144345120396
1138	56900	0.017196115428371992
1139	56950	0.017196115428371992
1140	57000	0.017196115428371992
1141	57050	0.017196115428371992
1142	57100	0.017196115428371992
1143	57150	0.0170557112408236
1144	57200	0.016931038705546478
1145	57250	0.016931038705546478
1146	57300	0.016931038705546478
1147	57350	0.016641313231000224
1148	57400	0.016641313231000224
1149	57450	0.016245231928665137
1150	57500	0.016245231928665137
1151	57550	0.016245231928665137
1152	57600	0.016245231928665137
1153	57650	0.01621201062607442
1154	57700	0.01621201062607442
1155	57750	0.01621201062607442
1156	57800	0.015962778723887603
1157	57850	0.015962778723887603
1158	57900	0.015962778723887603
1159	57950	0.01594343836903961
1160	58000	0.01594343836903961
1161	58050	0.01594343836903961
1162	58100	0.01594343836903961
1163	58150	0.01594343836903961
1164	58200	0.01594343836903961
1165	58250	0.01594343836903961
1166	58300	0.01594343836903961
1167	58350	0.01594343836903961
1168	58400	0.01594343836903961
1169	58450	0.01551371410070813
1170	58500	0.01551371410070813
1171	58550	0.01551371410070813
1172	58600	0.01551371410070813
1173	58650	0.015506072562195184
1174	58700	0.015226861980584544
1175	58750	0.015226861980584544
1176	58800	0.015226861980584544
1177	58850	0.01522508120337201
1178	58900	0.01522508120337201
1179	58950	0.015117304473659342
1180	59000	0.015117304473659342
1181	59050	0.015117304473659342
1182	59100	0.015117304473659342
1183	59150	0.015117304473659342
1184	59200	0.015117304473659342
1185	59250	0.015117304473659342
1186	59300	0.015117304473659342
1187	59350	0.015117304473659342
1188	59400	0.015117304473659342
1189	59450	0.015117304473659342
1190	59500	0.015117304473659342
1191	59550	0.015117304473659342
1192	59600	0.015117304473659342
1193	59650	0.015117304473659342
1194	59700	0.015117304473659342
1195	59750	0.015117304473659342
1196	59800	0.015117304473659342
1197	59850	0.015117304473659342
1198	59900	0.015117304473659342
1199	59950	0.015117304473659342
1200	60000	0.015117304473659342
1201	60050	0.015117304473659342
1202	60100	0.015117304473659342
1203	60150	0.015117304473659342
1204	60200	0.015117304473659342
1205	60250	0.015117304473659342
1206	60300	0.015117304473659342
1207	60350	0.015117304473659342
1208	60400	0.015117304473659342
1209	60450	0.015117304473659342
1210	60500	0.015066982105455942
1211	60550	0.015066982105455942
1212	60600	0.015066982105455942
1213	60650	0.015066982105455942
1214	60700	0.015066982105455942
1215	60750	0.015066982105455942
1216	60800	0.015066982105455942
1217	60850	0.015066982105455942
1218	60900	0.015066982105455942
1219	60950	0.015066982105455942
1220	61000	0.015066982105455942
1221	61050	0.015066982105455942
1222	61100	0.015066982105455942
1223	61150	0.015066982105455942
1224	61200	0.015066982105455942
1225	61250	0.015066982105455942
1226	61300	0.015066982105455942
1227	61350	0.015066982105455942
1228	61400	0.015066982105455942
1229	61450	0.015066982105455942
1230	61500	0.015066982105455942
1231	61550	0.015066982105455942
1232	61600	0.015066982105455942
1233	61650	0.015066982105455942
1234	61700	0.015066982105455942
1235	61750	0.015066982105455942
1236	61800	0.015066982105455942
1237	61850	0.015066982105455942
1238	61900	0.015066982105455942
1239	61950	0.015066982105455942
1240	62000	0.015066982105455942
1241	62050	0.015066982105455942
1242	62100	0.015066982105455942
1243	62150	0.015066982105455942
1244	62200	0.014969078408239758
1245	62250	0.01494497490648795
1246	62300	0.01494497490648795
1247	62350	0.01494497490648795
1248	62400	0.014911594636280784
1249	62450	0.014911594636280784
1250	62500	0.014911594636280784
1251	62550	0.014911594636280784
1252	62600	0.014911594636280784
1253	62650	0.014682781308851273
1254	62700	0.0143152474310102
1255	62750	0.0143152474310102
1256	62800	0.0143152474310102
1257	62850	0.0143152474310102
1258	62900	0.0143152474310102
1259	62950	0.0143152474310102
1260	63000	0.0143152474310102
1261	63050	0.0143152474310102
1262	63100	0.0143152474310102
1263	63150	0.0143152474310102
1264	63200	0.0143152474310102
1265	63250	0.0143152474310102
1266	63300	0.0143152474310102
1267	63350	0.0143152474310102
1268	63400	0.0143152474310102
1269	63450	0.014315196733782936
1270	63500	0.014272684763470189
1271	63550	0.014271324090780723
1272	63600	0.014271324090780723
1273	63650	0.014271324090780723
1274	63700	0.014271324090780723
1275	63750	0.014271324090780723
1276	63800	0.014271324090780723
1277	63850	0.013987278125577512
1278	63900	0.013987278125577512
1279	63950	0.013987278125577512
1280	64000	0.013987278125577512
1281	64050	0.013757279955127164
1282	64100	0.013757279955127164
1283	64150	0.013757279955127164
1284	64200	0.013757279955127164
1285	64250	0.013757279955127164
1286	64300	0.013140517704388843
1287	64350	0.013140517704388843
1288	64400	0.013140517704388843
1289	64450	0.013133382791421197
1290	64500	0.013133382791421197
1291	64550	0.013133382791421197
1292	64600	0.013133382791421197
1293	64650	0.013133382791421197
1294	64700	0.013133382791421197
1295	64750	0.013133382791421197
1296	64800	0.013133382791421197
1297	64850	0.013133382791421197
1298	64900	0.013047632063233916
1299	64950	0.013047632063233916
1300	65000	0.012742150105572008
1301	65050	0.012607572328525888
1302	65100	0.012607572328525888
1303	65150	0.012607572328525888
1304	65200	0.012607572328525888
1305	65250	0.012607572328525888
1306	65300	0.012607572328525888
1307	65350	0.012607572328525888
1308	65400	0.012607572328525888
1309	65450	0.012607572328525888
1310	65500	0.012607572328525888
1311	65550	0.012607572328525888
1312	65600	0.012607572328525888
1313	65650	0.012607572328525888
1314	65700	0.012607572328525888
1315	65750	0.012265057489977832
1316	65800	0.012265057489977832
1317	65850	0.012265057489977832
1318	65900	0.012135905726831615
1319	65950	0.012135905726831615
1320	66000	0.012135905726831615
1321	66050	0.012135905726831615
1322	66100	0.012126296892725211
1323	66150	0.012126296892725211
1324	66200	0.012126296892725211
1325	66250	0.012126296892725211
1326	66300	0.012126296892725211
1327	66350	0.012126296892725211
1328	66400	0.012126296892725211
1329	66450	0.012126296892725211
1330	66500	0.012120077604883484
1331	66550	0.012079604170193048
1332	66600	0.012079604170193048
1333	66650	0.012066671817545872
1334	66700	0.012066671817545872
1335	66750	0.012066671817545872
1336	66800	0.012066671817545872
1337	66850	0.012066671817545872
1338	66900	0.012035513296907907
1339	66950	0.012035513296907907
1340	67000	0.012035513296907907
1341	67050	0.012035513296907907
1342	67100	0.012035513296907907
1343	67150	0.011957693181278452
1344	67200	0.011957693181278452
1345	67250	0.011957693181278452
1346	67300	0.011957693181278452
1347	67350	0.011948173810217021
1348	67400	0.011948173810217021
1349	67450	0.011940098762020377
1350	67500	0.011940098762020377
1351	67550	0.011940098762020377
1352	67600	0.011940098762020377
1353	67650	0.011940098762020377
1354	67700	0.011856212037501748
1355	67750	0.011856212037501748
1356	67800	0.011856212037501748
1357	67850	0.011856212037501748
1358	67900	0.011856212037501748
1359	67950	0.011856212037501748
1360	68000	0.011856212037501748
1361	68050	0.011856212037501748
1362	68100	0.011856212037501748
1363	68150	0.01183946059943579
1364	68200	0.011686745225839328
1365	68250	0.011679707314892526
1366	68300	0.011679707314892526
1367	68350	0.011679707314892526
1368	68400	0.011679707314892526
1369	68450	0.011679707314892526
1370	68500	0.011679707314892526
1371	68550	0.011679707314892526
1372	68600	0.011679707314892526
1373	68650	0.011679707314892526
1374	68700	0.011679707314892526
1375	68750	0.011679707314892526
1376	68800	0.011679707314892526
1377	68850	0.011679707314892526
1378	68900	0.011679707314892526
1379	68950	0.011679707314892526
1380	69000	0.011679707314892526
1381	69050	0.011679707314892526
1382	69100	0.011679707314892526
1383	69150	0.011679707314892526
1384	69200	0.011679707314892526
1385	69250	0.011591066208483861
1386	69300	0.01158729612766873
1387	69350	0.011419884305655837
1388	69400	0.011419884305655837
1389	69450	0.011419884305655837
1390	69500	0.011419884305655837
1391	69550	0.01140468069750324
1392	69600	0.011402628763321473
1393	69650	0.011402628763321473
1394	69700	0.011402628763321473
1395	69750	0.011402628763321473
1396	69800	0.011402628763321473
1397	69850	0.011402628763321473
1398	69900	0.011402628763321473
1399	69950	0.011402628763321473
1400	70000	0.011208533300143748
1401	70050	0.011208533300143748
1402	70100	0.011208533300143748
1403	70150	0.011208533300143748
1404	70200	0.011208533300143748
1405	70250	0.011200611437929194
1406	70300	0.011200611437929194
1407	70350	0.011188458993905179
1408	70400	0.011188458993905179
1409	70450	0.011188458993905179
1410	70500	0.011188458993905179
1411	70550	0.011188458993905179
1412	70600	0.011188458993905179
1413	70650	0.011188458993905179
1414	70700	0.011188458993905179
1415	70750	0.011188458993905179
1416	70800	0.011188458993905179
1417	70850	0.011188458993905179
1418	70900	0.011049929254526034
1419	70950	0.011029854948287465
1420	71000	0.011029854948287465
1421	71050	0.011029854948287465
1422	71100	0.011029854948287465
1423	71150	0.011029854948287465
1424	71200	0.011029854948287465
1425	71250	0.011029854948287465
1426	71300	0.011029854948287465
1427	71350	0.01100341462014237
1428	71400	0.01100341462014237
1429	71450	0.01100341462014237
1430	71500	0.01100341462014237
1431	71550	0.01100341462014237
1432	71600	0.01100341462014237
1433	71650	0.01100341462014237
1434	71700	0.01100341462014237
1435	71750	0.010999120975648716
1436	71800	0.010946589250502596
1437	71850	0.010899211801431583
1438	71900	0.010899211801431583
1439	71950	0.010899211801431583
1440	72000	0.010899211801431583
1441	72050	0.010899211801431583
1442	72100	0.010899211801431583
1443	72150	0.010899211801431583
1444	72200	0.010899211801431583
1445	72250	0.010899211801431583
1446	72300	0.010899211801431583
1447	72350	0.010899211801431583
1448	72400	0.010899211801431583
1449	72450	0.010899211801431583
1450	72500	0.010897509789744433
1451	72550	0.010897509789744433
1452	72600	0.010897509789744433
1453	72650	0.010897509789744433
1454	72700	0.010897509789744433
1455	72750	0.010897509789744433
1456	72800	0.010897509789744433
1457	72850	0.010897509789744433
1458	72900	0.010897509789744433
1459	72950	0.010897509789744433
1460	73000	0.010897415454563887
1461	73050	0.010897415454563887
1462	73100	0.010897415454563887
1463	73150	0.010746658723095255
1464	73200	0.010746658723095255
1465	73250	0.010738857742304885
1466	73300	0.010738857742304885
1467	73350	0.010738857742304885
1468	73400	0.010738857742304885
1469	73450	0.010738857742304885
1470	73500	0.01052805524772681
1471	73550	0.01052805524772681
1472	73600	0.01052805524772681
1473	73650	0.01052805524772681
1474	73700	0.01052805524772681
1475	73750	0.01052805524772681
1476	73800	0.010498843749626608
1477	73850	0.010498843749626608
1478	73900	0.010455172233848896
1479	73950	0.010455172233848896
1480	74000	0.010455172233848896
1481	74050	0.010455172233848896
1482	74100	0.010455172233848896
1483	74150	0.010455172233848896
1484	74200	0.010455172233848896
1485	74250	0.010455172233848896
1486	74300	0.010455172233848896
1487	74350	0.010455172233848896
1488	74400	0.010455172233848896
1489	74450	0.010455172233848896
1490	74500	0.010097931010632366
1491	74550	0.010097931010632366
1492	74600	0.010097931010632366
1493	74650	0.010076843945400704
1494	74700	0.010076843945400704
1495	74750	0.010076843945400704
1496	74800	0.010076843945400704
1497	74850	0.009982431434366468
1498	74900	0.009982431434366468
1499	74950	0.009960880307026135
1500	75000	0.009960880307026135
1501	75050	0.009960880307026135
1502	75100	0.009960880307026135
1503	75150	0.009960880307026135
1504	75200	0.009960880307026135
1505	75250	0.009960880307026135
1506	75300	0.009726566113400559
1507	75350	0.009726566113400559
1508	75400	0.009726566113400559
1509	75450	0.009726566113400559
1510	75500	0.009726566113400559
1511	75550	0.009726566113400559
1512	75600	0.009726566113400559
1513	75650	0.009726566113400559
1514	75700	0.009726566113400559
1515	75750	0.009726566113400559
1516	75800	0.00968885187122615
1517	75850	0.00968885187122615
1518	75900	0.00968885187122615
1519	75950	0.00968885187122615
1520	76000	0.00968885187122615
1521	76050	0.00968885187122615
1522	76100	0.00968885187122615
1523	76150	0.00968885187122615
1524	76200	0.00968885187122615
1525	76250	0.00968885187122615
1526	76300	0.00968885187122615
1527	76350	0.00968885187122615
1528	76400	0.00968885187122615
1529	76450	0.00968885187122615
1530	76500	0.00968885187122615
1531	76550	0.00968885187122615
1532	76600	0.00968885187122615
1533	76650	0.009651996919665947
1534	76700	0.009651996919665947
1535	76750	0.009651996919665947
1536	76800	0.009651996919665947
1537	76850	0.009651996919665947
1538	76900	0.009651996919665947
1539	76950	0.009651996919665947
1540	77000	0.009649836421220387
1541	77050	0.009649836421220387
1542	77100	0.009649836421220387
1543	77150	0.009649836421220387
1544	77200	0.009649836421220387
1545	77250	0.009649836421220387
1546	77300	0.009649836421220387
1547	77350	0.009649836421220387
1548	77400	0.009649836421220387
1549	77450	0.009649836421220387
1550	77500	0.009649836421220387
1551	77550	0.009649836421220387
1552	77600	0.009649836421220387
1553	77650	0.009649836421220387
1554	77700	0.009649836421220387
1555	77750	0.009649836421220387
1556	77800	0.009649836421220387
1557	77850	0.009649836421220387
1558	77900	0.009649836421220387
1559	77950	0.009649836421220387
1560	78000	0.009599666670481781
1561	78050	0.009599666670481781
1562	78100	0.009599666670481781
1563	78150	0.009599666670481781
1564	78200	0.009599666670481781
1565	78250	0.009599666670481781
1566	78300	0.009599666670481781
1567	78350	0.009599666670481781
1568	78400	0.009599666670481781
1569	78450	0.009599666670481781
1570	78500	0.009599666670481781
1571	78550	0.009560407967653506
1572	78600	0.009560407967653506
1573	78650	0.009560407967653506
1574	78700	0.009560407967653506
1575	78750	0.009560407967653506
1576	78800	0.009560407967653506
1577	78850	0.009560407967653506
1578	78900	0.009560407967653506
1579	78950	0.009560407967653506
1580	79000	0.009523483850408788
1581	79050	0.009375084379243252
1582	79100	0.009375084379243252
1583	79150	0.009375084379243252
1584	79200	0.009375084379243252
1585	79250	0.009375084379243252
1586	79300	0.009375084379243252
1587	79350	0.009375084379243252
1588	79400	0.009375084379243252
1589	79450	0.009375084379243252
1590	79500	0.009375084379243252
1591	79550	0.009375084379243252
1592	79600	0.009339843830287577
1593	79650	0.009339843830287577
1594	79700	0.009339843830287577
1595	79750	0.009339843830287577
1596	79800	0.009339843830287577
1597	79850	0.009339843830287577
1598	79900	0.009339843830287577
1599	79950	0.009339843830287577
1600	80000	0.009297262386925954
1601	80050	0.009281295596876531
1602	80100	0.009281295596876531
1603	80150	0.009281295596876531
1604	80200	0.009239700614336925
1605	80250	0.009239700614336925
1606	80300	0.009239700614336925
1607	80350	0.009239700614336925
1608	80400	0.009239700614336925
1609	80450	0.009239700614336925
1610	80500	0.009239700614336925
1611	80550	0.009185831412637029
1612	80600	0.009185831412637029
1613	80650	0.009185831412637029
1614	80700	0.009185831412637029
1615	80750	0.009185831412637029
1616	80800	0.009185831412637029
1617	80850	0.009185831412637029
1618	80900	0.009185831412637029
1619	80950	0.009185831412637029
1620	81000	0.009185831412637029
1621	81050	0.009185831412637029
1622	81100	0.009185831412637029
1623	81150	0.009185831412637029
1624	81200	0.009185831412637029
1625	81250	0.009185831412637029
1626	81300	0.009185831412637029
1627	81350	0.009185831412637029
1628	81400	0.009175120473821774
1629	81450	0.009175120473821774
1630	81500	0.009175120473821774
1631	81550	0.009175120473821774
1632	81600	0.009175120473821774
1633	81650	0.009175120473821774
1634	81700	0.009095655031437862
1635	81750	0.009095655031437862
1636	81800	0.009095655031437862
1637	81850	0.009095655031437862
1638	81900	0.009095655031437862
1639	81950	0.009095655031437862
1640	82000	0.009095655031437862
1641	82050	0.009095655031437862
1642	82100	0.009095655031437862
1643	82150	0.009095655031437862
1644	82200	0.009095655031437862
1645	82250	0.009095655031437862
1646	82300	0.009095655031437862
1647	82350	0.009095655031437862
1648	82400	0.009095655031437862
1649	82450	0.009095655031437862
1650	82500	0.009095655031437862
1651	82550	0.009068557307877393
1652	82600	0.009068557307877393
1653	82650	0.009068557307877393
1654	82700	0.009068557307877393
1655	82750	0.009068557307877393
1656	82800	0.008980382827106939
1657	82850	0.008980382827106939
1658	82900	0.008980382827106939
1659	82950	0.008980382827106939
1660	83000	0.008980382827106939
1661	83050	0.008980382827106939
1662	83100	0.008980382827106939
1663	83150	0.008975557906879223
1664	83200	0.008776533558262713
1665	83250	0.008776533558262713
1666	83300	0.008718783540977973
1667	83350	0.008718783540977973
1668	83400	0.008693374577415354
1669	83450	0.008692689618703247
1670	83500	0.008692689618703247
1671	83550	0.008692689618703247
1672	83600	0.008692689618703247
1673	83650	0.008692689618703247
1674	83700	0.008692689618703247
1675	83750	0.008692689618703247
1676	83800	0.008692689618703247
1677	83850	0.008692689618703247
1678	83900	0.008678212191115635
1679	83950	0.008678212191115635
1680	84000	0.008678212191115635
1681	84050	0.008678212191115635
1682	84100	0.008678212191115635
1683	84150	0.008678212191115635
1684	84200	0.008678212191115635
1685	84250	0.008678212191115635
1686	84300	0.008678212191115635
1687	84350	0.008678212191115635
1688	84400	0.008678212191115635
1689	84450	0.008678212191115635
1690	84500	0.008678212191115635
1691	84550	0.008678212191115635
1692	84600	0.008678212191115635
1693	84650	0.008659568857268462
1694	84700	0.008659568857268462
1695	84750	0.008659568857268462
1696	84800	0.008659568857268462
1697	84850	0.008659568857268462
1698	84900	0.008560250371128158
1699	84950	0.008560250371128158
1700	85000	0.008560250371128158
1701	85050	0.008560250371128158
1702	85100	0.00854489600936938
1703	85150	0.00854489600936938
1704	85200	0.00854489600936938
1705	85250	0.00854489600936938
1706	85300	0.00854489600936938
1707	85350	0.008393238019008516
1708	85400	0.008338188365519875
1709	85450	0.008338188365519875
1710	85500	0.008338188365519875
1711	85550	0.008338188365519875
1712	85600	0.008338188365519875
1713	85650	0.008338188365519875
1714	85700	0.008338188365519875
1715	85750	0.008338188365519875
1716	85800	0.008338188365519875
1717	85850	0.008338188365519875
1718	85900	0.008338188365519875
1719	85950	0.008338188365519875
1720	86000	0.008338188365519875
1721	86050	0.008338188365519875
1722	86100	0.008338188365519875
1723	86150	0.008338188365519875
1724	86200	0.008338188365519875
1725	86250	0.008244614659141095
1726	86300	0.008244614659141095
1727	86350	0.008244614659141095
1728	86400	0.008244614659141095
1729	86450	0.008244614659141095
1730	86500	0.008243301681363908
1731	86550	0.008243301681363908
1732	86600	0.008243301681363908
1733	86650	0.008243301681363908
1734	86700	0.008154848381493612
1735	86750	0.008154848381493612
1736	86800	0.008140508609771105
1737	86850	0.008140508609771105
1738	86900	0.008140508609771105
1739	86950	0.008140508609771105
1740	87000	0.008140508609771105
1741	87050	0.008140508609771105
1742	87100	0.008140508609771105
1743	87150	0.008140508609771105
1744	87200	0.008140508609771105
1745	87250	0.008140508609771105
1746	87300	0.008096306994785715
1747	87350	0.008096306994785715
1748	87400	0.008096306994785715
1749	87450	0.008096306994785715
1750	87500	0.008096306994785715
1751	87550	0.008096306994785715
1752	87600	0.007962546133652434
1753	87650	0.007962546133652434
1754	87700	0.007842083200089897
1755	87750	0.007794549684040799
1756	87800	0.007793307701872108
1757	87850	0.007793307701872108
1758	87900	0.007793307701872108
1759	87950	0.007793307701872108
1760	88000	0.007793307701872108
1761	88050	0.007793307701872108
1762	88100	0.007760557994349963
1763	88150	0.007760557994349963
1764	88200	0.007760557994349963
1765	88250	0.007760557994349963
1766	88300	0.007681594152014075
1767	88350	0.007491408287774742
1768	88400	0.007491408287774742
1769	88450	0.007491408287774742
1770	88500	0.007491408287774742
1771	88550	0.007491408287774742
1772	88600	0.007491408287774742
1773	88650	0.007491408287774742
1774	88700	0.007491408287774742
1775	88750	0.007491408287774742
1776	88800	0.007451195024817775
1777	88850	0.007451195024817775
1778	88900	0.007451195024817775
1779	88950	0.007451195024817775
1780	89000	0.007451195024817775
1781	89050	0.007451195024817775
1782	89100	0.007451195024817775
1783	89150	0.007451195024817775
1784	89200	0.007451195024817775
1785	89250	0.007451195024817775
1786	89300	0.007451195024817775
1787	89350	0.007451195024817775
1788	89400	0.007451195024817775
1789	89450	0.007432087922502056
1790	89500	0.007387350639065921
1791	89550	0.007387350639065921
1792	89600	0.007387350639065921
1793	89650	0.007387350639065921
1794	89700	0.007387350639065921
1795	89750	0.007387350639065921
1796	89800	0.007387350639065921
1797	89850	0.007387350639065921
1798	89900	0.007387350639065921
1799	89950	0.007387350639065921
1800	90000	0.007387350639065921
1801	90050	0.007387350639065921
1802	90100	0.007387350639065921
1803	90150	0.007387350639065921
1804	90200	0.007387350639065921
1805	90250	0.007387350639065921
1806	90300	0.007387350639065921
1807	90350	0.007387350639065921
1808	90400	0.007387350639065921
1809	90450	0.007387350639065921
1810	90500	0.007387350639065921
1811	90550	0.007387350639065921
1812	90600	0.007387350639065921
1813	90650	0.007387350639065921
1814	90700	0.007387350639065921
1815	90750	0.007387350639065921
1816	90800	0.007387350639065921
1817	90850	0.007387350639065921
1818	90900	0.007387350639065921
1819	90950	0.007353431180758796
1820	91000	0.007353431180758796
1821	91050	0.00734505500347218
1822	91100	0.00734505500347218
1823	91150	0.00734505500347218
1824	91200	0.00734505500347218
1825	91250	0.00734505500347218
1826	91300	0.00734505500347218
1827	91350	0.00734505500347218
1828	91400	0.00734505500347218
1829	91450	0.00734505500347218
1830	91500	0.00734505500347218
1831	91550	0.00734505500347218
1832	91600	0.00734505500347218
1833	91650	0.00734505500347218
1834	91700	0.00734505500347218
1835	91750	0.00734505500347218
1836	91800	0.007327072572006198
1837	91850	0.007327072572006198
1838	91900	0.007327072572006198
1839	91950	0.007292541308379673
1840	92000	0.007292541308379673
1841	92050	0.007292541308379673
1842	92100	0.007292541308379673
1843	92150	0.007292541308379673
1844	92200	0.0072846922643996104
1845	92250	0.0072846922643996104
1846	92300	0.0072846922643996104
1847	92350	0.0072846922643996104
1848	92400	0.0072846922643996104
1849	92450	0.0072846922643996104
1850	92500	0.0072846922643996104
1851	92550	0.0072846922643996104
1852	92600	0.0072846922643996104
1853	92650	0.0072846922643996104
1854	92700	0.0072846922643996104
1855	92750	0.007262131999294127
1856	92800	0.007262131999294127
1857	92850	0.007239275483606733
1858	92900	0.007239275483606733
1859	92950	0.007239275483606733
1860	93000	0.007239275483606733
1861	93050	0.007210405175748448
1862	93100	0.007210405175748448
1863	93150	0.007210405175748448
1864	93200	0.007210405175748448
1865	93250	0.007210405175748448
1866	93300	0.007210405175748448
1867	93350	0.007102186803798556
1868	93400	0.007102186803798556
1869	93450	0.007102186803798556
1870	93500	0.007093056920302314
1871	93550	0.007071768247947261
1872	93600	0.007071768247947261
1873	93650	0.007071768247947261
1874	93700	0.007071768247947261
1875	93750	0.007071768247947261
1876	93800	0.007071768247947261
1877	93850	0.007060130801031857
1878	93900	0.0070272489392263614
1879	93950	0.007016164748388361
1880	94000	0.0069496656133655275
1881	94050	0.0069496656133655275
1882	94100	0.0069496656133655275
1883	94150	0.0069496656133655275
1884	94200	0.0069496656133655275
1885	94250	0.0069496656133655275
1886	94300	0.0069496656133655275
1887	94350	0.0069496656133655275
1888	94400	0.0069496656133655275
1889	94450	0.0069496656133655275
1890	94500	0.0069496656133655275
1891	94550	0.0069496656133655275
1892	94600	0.0069496656133655275
1893	94650	0.0069496656133655275
1894	94700	0.0069496656133655275
1895	94750	0.0069496656133655275
1896	94800	0.0069496656133655275
1897	94850	0.0069496656133655275
1898	94900	0.0069496656133655275
1899	94950	0.0069496656133655275
1900	95000	0.0069496656133655275
1901	95050	0.0069496656133655275
1902	95100	0.006925191874994153
1903	95150	0.006925191874994153
1904	95200	0.006925191874994153
1905	95250	0.006925191874994153
1906	95300	0.006925191874994153
1907	95350	0.006925191874994153
1908	95400	0.006925191874994153
1909	95450	0.006925191874994153
1910	95500	0.006918694520701157
1911	95550	0.006918694520701157
1912	95600	0.006918694520701157
1913	95650	0.006918694520701157
1914	95700	0.006918694520701157
1915	95750	0.006918694520701157
1916	95800	0.006918694520701157
1917	95850	0.006918694520701157
1918	95900	0.006918694520701157
1919	95950	0.006910816652910492
1920	96000	0.006910816652910492
1921	96050	0.006910816652910492
1922	96100	0.006910816652910492
1923	96150	0.00691001299794027
1924	96200	0.00691001299794027
1925	96250	0.00691001299794027
1926	96300	0.00691001299794027
1927	96350	0.00691001299794027
1928	96400	0.00691001299794027
1929	96450	0.00691001299794027
1930	96500	0.00691001299794027
1931	96550	0.00691001299794027
1932	96600	0.00691001299794027
1933	96650	0.00691001299794027
1934	96700	0.00691001299794027
1935	96750	0.00691001299794027
1936	96800	0.00691001299794027
1937	96850	0.00691001299794027
1938	96900	0.00691001299794027
1939	96950	0.00691001299794027
1940	97000	0.00691001299794027
1941	97050	0.00691001299794027
1942	97100	0.00691001299794027
1943	97150	0.00691001299794027
1944	97200	0.00685974646309548
1945	97250	0.00685974646309548
1946	97300	0.006757879837600213
1947	97350	0.00673301726097295
1948	97400	0.00673301726097295
1949	97450	0.00673301726097295
1950	97500	0.00673301726097295
1951	97550	0.00673301726097295
1952	97600	0.00673301726097295
1953	97650	0.00673301726097295
1954	97700	0.00673301726097295
1955	97750	0.00673301726097295
1956	97800	0.00673301726097295
1957	97850	0.00673301726097295
1958	97900	0.00673301726097295
1959	97950	0.00673301726097295
1960	98000	0.00673301726097295
1961	98050	0.006729736009321484
1962	98100	0.006729736009321484
1963	98150	0.006729736009321484
1964	98200	0.00646293710854561
1965	98250	0.00646293710854561
1966	98300	0.00646293710854561
1967	98350	0.00646293710854561
1968	98400	0.006435397760228526
1969	98450	0.006435397760228526
1970	98500	0.006435397760228526
1971	98550	0.006435397760228526
1972	98600	0.006435397760228526
1973	98650	0.006416049838478291
1974	98700	0.006416049838478291
1975	98750	0.006416049838478291
1976	98800	0.006416049838478291
1977	98850	0.006416049838478291
1978	98900	0.006416049838478291
1979	98950	0.006416049838478291
1980	99000	0.006416049838478291
1981	99050	0.006416049838478291
1982	99100	0.006416049838478291
1983	99150	0.006416049838478291
1984	99200	0.006416049838478291
1985	99250	0.006416049838478291
1986	99300	0.006416049838478291
1987	99350	0.006381808234190543
1988	99400	0.006381808234190543
1989	99450	0.006381808234190543
1990	99500	0.006381808234190543
1991	99550	0.006370853102925797
1992	99600	0.006370853102925797
1993	99650	0.006370853102925797
1994	99700	0.006370853102925797
1995	99750	0.006370853102925797
1996	99800	0.006370853102925797
1997	99850	0.006370853102925797
1998	99900	0.006370853102925797
1999	99950	0.006370853102925797
2000	100000	0.006370853102925797
